ocp
12020
11450
12087
11444
12082
12014
12071
11947
12001
12097
12039
11978
12101
11788
12054
11946
12020
11743
11627
11961
11995
11884
12029
11983
12025
12059
12080
11984
12101
12041
12068
12100
11987
12064
12003
12015
12091
12031
12038
12063
11966
11851
11909
11961
12060
12104
12002
11944
12114
11813
12099
11823
12038
11835
12095
12047
12106
12083
11790
11973
11933
11993
11956
12047
12033
12098
12076
12023
12091
12095
12116
12028
12065
12101
12096
11997
11996
12106
11993
11778
11898
12100
11764
11624
11737
12092
12064
11881
12031
12101
11982
12057
12025
12018
12089
12102
12024
11912
12083
11986
11763
12097
12061
12026
12027
11939
12046
12103
12090
12099
12081
11978
12103
12020
12075
11787
11979
12074
11980
11982
11565
12102
11886
12092
12095
12100
12088
11872
11957
12048
12095
12099
11894
11958
11956
11859
11799
11968
12045
12102
12093
12082
11794
12088
12003
12062
11964
12112
12093
12073
12093
12035
12087
12092
11690
11964
11766
11966
12101
12078
12101
12106
11899
11774
12027
12000
12018
12092
11954
12042
11810
12067
11862
12049
12031
12095
12113
12071
11916
12102
12026
12031
12097
11803
12101
12062
11990
12001
11921
12033
12041
12115
12091
11885
12007
11887
12103
11694
11977
12093
11987
12093
12102
12105
11938
12002
11902
12019
11774
12044
12082
12069
11866
12039
12042
11899
11984
12099
11920
11813
12042
11941
12098
11953
12080
11950
12057
12102
11922
12096
11817
11863
12067
11880
12091
11908
12076
11959
11968
11779
11973
11977
11973
11596
12057
11926
12052
11794
12014
12041
12019
12014
12039
12061
12115
12092
11716
12061
11849
12088
12003
11963
11990
12102
12022
11743
12072
12045
12101
12103
11876
12069
12018
12054
12083
12027
12096
11976
12040
12096
11952
11984
11969
12109
11923
12036
12092
12080
12003
12077
11971
11959
12035
12009
11681
12097
12031
11832
11979
12095
11835
12106
12105
12108
12052
12103
12095
11639
12062
11810
12085
11788
11879
12101
12073
12095
12025
12096
11961
12013
12103
11965
12037
12039
12097
12061
12093
12088
12077
12075
12000
12058
12013
11992
12068
12124
11903
12104
12100
11784
12058
12081
12105
12013
12098
12104
12057
12087
12034
11562
12026
12106
12089
11596
12046
11911
12097
11980
12084
11872
12077
11828
11943
12063
11881
12010
11887
12000
12016
12106
12037
12082
11906
12112
11954
12114
12013
11891
11979
12037
11998
12100
12011
12019
11973
11979
11964
11441
11955
12091
12036
12058
12121
12080
12038
11946
12108
12031
12029
11945
12096
12014
12100
11966
12080
12111
12055
12093
11726
12096
12085
12087
12057
12090
11829
11992
12112
11641
12071
11830
11954
11874
11861
12103
12105
11451
11775
11828
11507
12101
12097
12101
11994
11510
12043
11965
12100
12099
12110
12060
12102
11861
11834
12022
12079
11991
12013
11916
12030
12085
11982
12058
12095
12103
12028
12088
12100
12085
11905
12091
12016
11999
12047
12099
11879
11967
12022
12011
11894
12101
12033
11964
12093
11861
12062
11860
12058
11953
11868
12084
12086
11725
11883
12054
12056
12051
12122
12020
12099
12018
12045
11947
11963
11884
11834
12089
11766
12074
12098
12025
12000
12100
12038
12058
12061
12095
12100
12065
12090
11857
12088
12014
12055
12035
12067
11995
12093
12013
12000
12081
12104
12040
11829
12038
12075
11888
12068
12058
11810
12047
11876
12096
12041
12103
12053
12021
11447
12099
12030
12026
12056
11935
11992
12047
11811
11877
11991
11961
12066
12022
12102
12014
12072
12048
12020
12088
12104
11935
11851
12061
11946
11804
11853
11889
12032
11927
11983
12105
12074
11944
11693
11980
12054
12102
11911
12119
11959
11972
12093
11958
12100
12032
12026
12119
12096
12096
12056
12098
12102
11953
12106
12088
12017
12089
12107
12063
11969
12108
11937
11861
12075
11899
11991
12065
11844
11992
12079
12093
12056
12043
12009
11877
12077
11958
11987
12105
12076
11905
12018
11985
12065
11897
11818
12100
12079
11928
12108
12032
11825
12068
11959
12085
12101
11842
12084
12098
12007
12073
12031
12059
12080
12096
12023
12078
11650
12077
11983
12109
11810
11955
12044
11874
12113
11973
11985
12035
11870
12036
12010
11916
12038
12038
12037
11805
11734
12037
12004
12107
11800
12083
12023
12069
11931
12093
11449
11961
11857
11805
11889
11760
11915
12101
12043
11944
12099
11729
12068
12097
11987
12034
11574
12078
11759
11948
12075
11962
11906
12090
11999
12111
12096
12060
11756
12064
12029
12099
11947
11816
12076
11863
12053
12112
11955
11908
12000
12067
11862
11885
11957
12074
11848
12085
11962
12056
11928
12022
12099
12025
11807
12048
11968
12088
11948
12098
11781
11823
12020
12021
11919
11998
12065
11932
11988
12068
12077
12042
11896
12087
11734
12102
11971
12047
11650
11906
12043
12015
12084
11995
11908
12102
12091
12094
11752
11686
12110
12114
12060
12102
12068
11959
11974
12060
11962
11942
12100
12043
11923
11825
11826
11490
11984
11943
12066
12097
12101
12098
12081
12103
12090
11907
11907
12096
12044
12034
11830
12099
11966
11997
12098
12094
12041
11812
11868
12110
11991
12005
11914
12031
12052
12054
12034
11882
11904
12062
12051
12103
12091
12054
11917
12100
12085
11705
12005
12086
12003
12062
11963
12113
11970
11963
12107
11808
12098
11832
11978
12091
11884
11996
12080
12057
12108
11979
12092
11866
12081
12098
11951
12102
12061
11861
12097
12061
11927
12057
11891
12027
12062
12058
11909
11979
12093
12067
11997
12066
12100
12071
12005
12067
11985
12093
12031
12093
11869
11976
11980
12106
12083
11927
11910
12112
12101
12098
12094
11971
11948
11995
12018
12017
11700
12056
11909
11987
12120
12031
12056
11986
12018
11564
11882
12105
11990
11953
12086
11969
11917
12095
12100
11977
11908
12109
12075
12020
12103
11971
12002
12077
12017
12044
12101
12068
11887
11905
11991
11723
11945
12109
11976
11813
12086
12080
12094
11944
11979
12097
12089
12094
12093
12068
11565
11994
12058
12077
11981
11720
12084
12100
12070
11891
11854
11768
12100
11914
12045
12099
12062
11957
12044
11923
11885
12078
12090
12096
12077
12108
11584
11908
12045
11995
12113
12079
12097
12045
11898
12029
12060
11913
12038
11941
12024
11871
12085
11688
11973
12075
11997
12064
12081
11780
11960
12099
12080
12006
11791
11652
11878
11560
12096
11865
12071
12098
