ocp
12078
11983
11807
12029
12097
12115
12036
12086
12105
11948
12093
12107
11838
12095
11985
12016
12102
12092
12111
11992
12046
11649
11955
11967
12093
12008
12023
11981
11902
12115
12078
12000
12019
11922
12080
12097
12129
12109
12112
12103
12081
12112
11639
12023
11833
11917
12095
12112
12106
12009
11828
11796
11802
12015
12103
11931
12006
11866
12039
11906
12043
11859
12097
11993
11808
11926
12104
12067
11900
12088
11971
12109
12100
12067
11836
11999
12098
12065
11720
11876
11988
12096
12019
12112
12105
12116
12095
12053
11975
11447
12102
12021
11938
11989
12105
12032
12034
12037
11449
11818
12080
11999
12102
11930
11572
12105
12107
12077
12043
12007
12089
12105
12088
12048
12055
11944
12038
12058
11837
11954
12072
12110
11984
11994
12056
12075
12123
12055
11736
12035
12094
12097
12077
12106
12105
11986
11995
12047
12083
12093
11936
12093
12099
11853
11809
12042
12097
12004
12104
12092
12102
12092
12081
12102
11888
12083
12034
11922
12104
12076
11829
12073
12100
11954
12101
12100
11962
11998
11834
12110
12046
12013
11981
12109
12090
12057
12107
11983
12084
12092
12038
12071
11814
11877
12095
12089
11931
12075
11565
12026
12081
11997
12093
11572
11904
11917
12098
12092
12057
11445
11815
12095
12022
12031
11977
12082
12111
12054
12089
12058
11898
12091
11814
11982
12092
12104
12104
12107
12101
12015
12093
11896
11831
12034
12092
12078
12088
12098
11897
12101
12093
12112
11916
11972
12047
11455
12097
12046
11889
12082
12107
11883
11981
12075
12073
12088
11884
11988
11858
12090
12005
12116
12104
11997
11823
11882
11606
12098
11707
11866
11816
12017
12097
12012
12007
12113
12037
12091
12075
12074
12111
12053
12093
12087
12030
12075
11973
11936
12077
12095
12107
12015
11962
11967
12029
11787
12036
11944
11968
12017
11993
11961
12025
12077
11979
12093
11889
12051
12103
12103
12073
12104
12106
12080
12070
11975
12098
12016
12055
11987
12053
12100
11907
12013
11973
12116
12086
12068
12102
11908
11925
11780
11831
11944
11883
12053
11450
12058
12018
11974
12042
11997
12081
12086
12104
12001
12045
11887
12092
12109
11785
12055
12111
11831
12011
11980
11922
11905
12088
12010
12084
12051
11930
12041
12100
12013
12055
11945
12096
11996
12059
11990
12091
11982
11927
12075
11788
12053
12053
12092
12085
12095
12021
12079
12066
12105
11933
11798
12046
11862
12116
12107
12078
12034
11925
12083
11446
12108
11954
11961
11813
12112
12079
12078
12023
12081
12075
12104
11789
12009
12053
12085
11975
12088
12024
12047
12095
12035
11929
12061
11962
12101
12100
11947
11935
11801
12104
12062
11863
12015
12081
12082
11963
12008
11963
12102
12076
12042
12095
12038
11823
12091
12076
11882
12074
12106
11978
12091
12100
12092
12039
11452
11868
12059
12028
12015
11958
12001
12098
11943
11888
12056
12042
12086
11917
11443
12024
12098
11854
11943
11958
11890
12102
12055
12065
11789
12092
12105
11917
11966
12071
12069
11932
12013
12055
12066
12106
12103
12023
12107
12053
12008
12107
12099
11997
11942
12083
12098
12031
12070
11973
12081
12030
11922
11915
12036
12061
11972
12050
12042
11885
11965
12004
12082
12072
12090
11901
11966
11943
11848
12016
12111
12110
12098
11938
12050
12103
12099
12083
11879
12097
12102
12102
11796
11998
11998
11918
12103
12112
12107
12088
12082
12053
11897
12076
12036
12046
12061
11886
12094
11984
12055
12109
11713
12011
11898
11832
11965
12107
12105
12028
12052
12036
11885
11968
12019
12080
12108
12101
12100
11949
11944
12017
12091
11957
12108
11874
12104
11985
12082
12104
12092
12046
11946
12096
12096
11907
12062
12081
12073
12075
12107
11861
12101
12097
12060
12058
12019
11999
11903
12075
12116
11724
12108
11569
12089
12000
12083
11895
12098
11967
12090
12052
12004
12087
12061
12069
12104
12103
12103
11978
11893
12005
12103
12086
12059
12074
12008
12066
12110
12051
12110
12093
11932
11966
11833
11871
12103
11779
12114
12046
12086
12074
12027
12057
11637
12100
12058
12078
12005
12095
12105
11817
12019
12069
12092
12102
11906
12092
11913
11759
12112
12102
11974
12104
11977
11816
12052
12053
12044
12111
12016
12062
11855
11450
12106
11840
12078
11959
11993
12074
11924
12086
12023
12012
12061
12072
11901
12115
12027
12077
11882
12045
12094
12014
12060
12114
12102
12048
12082
11864
11856
12004
11707
12113
11937
11948
12080
12070
12108
12125
12104
12095
11992
12088
11860
11933
11974
11683
12104
12078
12097
11993
12031
12050
11824
12088
11982
12103
11689
11447
11997
12111
12044
11830
11881
12102
12101
11910
12002
12088
12068
12074
12046
11837
11781
11920
12083
11890
12044
11896
12094
12011
12046
12103
11963
11812
12098
12000
12021
12085
12091
11953
12015
12088
11737
11570
11969
12057
11877
12068
12065
12111
12091
12024
11900
12088
12060
12006
12093
12101
11971
12100
11886
11950
12070
11919
12099
11914
11447
12022
12067
12058
11782
12000
12081
12092
12059
12051
11966
11944
12056
12088
11902
12038
12012
12093
12039
11974
12079
12090
12063
12024
11817
12077
11965
11896
12008
12004
12111
12067
11984
11923
11961
12095
12107
12042
12089
11922
12039
12097
12084
12120
12126
12113
12098
12103
11818
11902
11823
11717
12003
11993
12093
11867
12108
12091
11861
12092
12094
12082
12108
11935
11568
12089
12223
12106
12015
11892
12100
12072
12058
11873
12073
11774
12076
11875
11853
12105
12056
11978
11799
12086
11822
12103
11958
12007
12121
12099
11614
12088
12058
12099
12100
12086
12106
12061
12101
11940
11895
12089
11910
12105
12099
11836
12103
12013
12021
12097
11963
12035
12084
11979
12108
12020
12034
11958
12094
11985
11987
11894
11873
11882
12104
12113
12097
12102
11991
12093
12054
12004
11809
12041
12112
12106
11959
11905
11804
11980
11876
12065
12093
12100
12107
12096
12110
12027
12100
12055
12094
12093
12097
11982
12082
11974
12081
12099
12094
12035
12101
12040
11935
12076
12053
12106
12071
11967
11978
12107
11891
12041
11887
11740
12100
12105
11859
12046
12000
11798
11892
11856
11865
12100
11760
11898
12037
11499
11919
12088
12084
12100
11916
12014
12046
11451
12036
12049
12094
11977
12098
12063
12103
11858
12033
12010
12065
11973
11680
12062
12049
11937
12084
12078
12116
11943
12014
11838
12092
11568
12042
