ocp
12100
12106
11649
12157
11786
11986
11822
12124
12123
12022
12093
12087
12076
12092
12130
12124
12100
12005
12021
12139
11803
11934
12126
12002
12047
12125
12163
12130
11941
12155
12138
11897
11986
11990
12015
12024
12041
11967
12111
12049
12116
12159
12039
12137
11624
11897
11861
12129
11564
12139
12092
12019
11991
12068
12009
12150
11952
12083
12144
12083
11620
11856
12101
12143
11915
11780
12137
11901
12123
11974
12085
12141
12011
11496
12131
12168
12120
11905
12077
12023
12179
12107
12045
11759
12092
12158
12093
12124
12102
12149
12094
12012
12071
12021
12142
11940
11736
11956
12115
12116
12101
12143
11887
12144
11971
12047
12057
12125
11972
12103
11694
12108
11857
12075
12049
12120
11765
12084
12182
11765
12150
11765
12050
11958
11795
11697
11959
12124
12175
11841
12052
12046
12024
12160
11935
12170
12134
11997
11820
12138
12148
11895
11844
12130
12107
12158
11977
12100
12067
12130
12102
12040
11945
11813
12076
12028
12049
12159
12142
12108
12078
12103
12103
12123
12108
12142
12125
12068
11951
12152
11935
12124
11883
12033
12041
12001
12101
11967
12147
12009
12157
12107
12103
12138
11962
12142
11871
11977
12101
11981
12122
12042
12162
12106
12131
12119
12065
11849
12141
12042
12117
11988
12038
12138
12124
12125
12150
11982
11980
12069
12036
12121
12023
11981
12025
12126
12116
12068
12153
12151
12057
12153
12145
12150
12061
11801
12041
11964
11859
11938
11986
11984
12119
12029
12133
12032
11968
11495
12144
11891
12048
12044
12153
11850
12125
12129
11993
12106
12110
12016
11794
12068
12138
12091
12128
12129
11903
12075
12167
12085
12083
11927
11916
11925
12052
12104
12161
12082
11934
12148
11825
12016
12024
12161
12114
11866
11901
12060
11697
11989
12069
12122
12003
11941
12063
12059
12142
12126
11905
11861
12106
12078
12143
12141
12040
12107
12098
12091
11976
12107
12134
12151
12035
12165
12126
11963
12147
12156
12160
12099
11935
11496
12046
11961
11876
12130
11946
12080
12129
11951
12015
12151
12122
12131
12047
12138
12094
12084
12116
12155
11992
11499
12163
12166
11516
11858
12093
12017
11951
12105
11985
12144
11854
11894
12163
11928
12166
12027
11817
12144
12126
11984
12044
11985
12119
12043
12138
11732
12088
12026
12147
12087
12126
12006
11839
12003
12065
11776
12127
12095
11974
12144
12061
12133
11503
12133
12171
12144
12070
12111
11972
12038
12115
12164
11902
12126
11747
12160
12022
12099
11965
12126
12056
12123
12060
12095
12071
12129
11924
12120
12143
12129
12131
12135
12111
11967
11993
12125
11877
12113
12068
12079
12159
12148
12041
12119
12103
11789
12151
11617
12100
12026
11868
11889
12141
11969
11992
12075
12156
12125
12121
12036
12068
12063
12055
12174
11902
12095
12069
11994
12104
12128
11988
12043
12120
11925
11965
12104
12029
12047
12172
11980
11890
12083
12153
12127
12093
11977
11932
11864
12078
12127
12131
12160
12053
12123
12077
12061
11899
12125
11861
11987
11891
12079
11974
11950
12133
12099
11984
12134
12055
11836
11971
12145
11986
12105
11638
12086
12079
11863
12093
11968
12109
12014
11505
12149
12087
11967
12141
12068
12092
11792
11947
11969
12096
12063
12128
12037
12110
12099
12071
12086
11922
11960
12134
12134
12129
11910
12164
12160
12154
12166
11833
12106
11990
12040
12101
12056
12063
11957
12056
11994
12094
11984
12098
12063
12010
11919
11941
12137
12148
12086
12154
12118
11863
12096
11986
12127
12156
11817
12117
11984
12132
12158
11968
12129
12065
11988
12096
12127
12170
11955
12096
12114
12134
12041
12008
11498
12099
11836
12145
12069
11899
12157
11998
12155
12021
11825
11733
12136
12122
11761
12165
12142
12135
11896
12098
12095
12124
12134
12060
12165
12037
11928
12145
11916
12119
11738
12169
11747
12153
11984
11974
12129
12040
12155
12128
11942
12146
12093
11995
11733
12153
12027
11969
11951
12143
12096
11907
11916
12066
12145
12050
12109
12134
12128
12066
12111
11968
12141
12163
12007
12024
11964
12084
11885
11895
12119
12141
12126
11942
12062
12017
12135
12138
11966
12110
12113
11974
11924
12128
12164
12103
12111
12149
12133
12100
12123
12097
12116
12136
12038
12061
12046
12125
12105
12142
12081
11991
12094
11931
12136
12154
12153
11844
12018
12150
12140
12152
12073
11871
12128
12156
12106
12160
12116
11951
11544
11833
12114
12140
12126
12064
12097
12155
11966
12165
12088
12149
12148
11825
12149
12140
12128
12154
12085
11753
12055
12114
12141
12155
12116
12132
12125
12138
12036
12151
11685
12002
12129
12127
11654
11964
12171
11886
12131
12061
12090
11693
12076
12115
12035
12158
12071
12152
12134
11847
11969
12118
12119
12102
12159
11980
12095
12017
12021
12123
12141
11942
12031
11642
12112
12158
12140
11844
12142
11994
11937
12033
12146
11992
12130
11977
11955
12152
12100
11987
12150
12169
12037
11944
11984
12007
12136
12059
12125
12086
12112
12162
12152
12118
12094
12167
11746
12123
12164
11917
12148
12106
12015
12066
12133
12083
12149
12117
12108
12159
12107
11970
12102
12034
12139
12097
11497
12041
12122
12080
12153
12123
12016
12035
12132
12081
12018
12106
12023
12148
12018
12136
12153
11872
12160
11911
12150
11925
12156
12021
11933
12157
11824
12117
12012
12056
11850
12062
12147
12137
12018
12149
12167
12120
12140
12065
12081
12167
12107
11850
12124
12043
12102
12145
12107
12103
12140
11761
12006
11985
11854
12097
12140
11976
12143
12169
12160
12159
11873
12014
11983
11939
12060
12106
11973
11937
12149
12122
12105
12041
12159
12143
12074
12054
11962
12129
12041
12053
12016
12154
12143
11984
12156
11956
11819
12092
12057
11793
12156
11864
12089
12042
12170
12065
12170
11986
12114
12074
12025
11970
11826
11858
11999
11784
12158
12078
12138
12156
11940
12030
11991
11948
12049
11947
12105
12123
12080
12152
12114
11979
12068
11495
12058
11854
11974
12165
11893
12128
11878
12106
12130
12089
12030
12119
11959
11993
11982
12091
11888
11842
11855
11987
11851
12006
11547
12117
12081
11959
11942
12051
12113
12146
11916
12157
12134
12001
11948
11909
11977
12128
12122
11850
12167
12120
12060
12160
12133
12156
12144
12151
12038
11987
12126
12005
11495
12161
12104
12125
12028
12054
12000
12125
11615
12145
12048
12012
11869
12037
12004
12163
11888
12079
12104
