ocp
11944
12075
12144
12023
12090
12026
12132
11884
12146
12027
11595
12095
12126
12114
12122
11990
12002
12111
12027
12086
11799
12144
11917
12112
11956
12130
12142
12068
12070
11966
12002
11883
11911
12039
11805
12041
11870
12051
11940
12133
11953
12089
12084
11976
12125
12129
11998
12058
12078
12141
11747
12100
12120
11785
12056
12137
12081
12083
12129
11894
12064
11998
12107
12113
12121
11998
12062
12006
12147
12075
12116
11825
11893
12039
12003
12103
12067
11961
12009
12120
12088
12102
12154
12140
12131
11890
12049
12121
12139
12094
12071
11475
12127
12073
12114
11945
11913
12075
12162
12145
11986
11824
11870
12130
12116
11942
12133
12006
11850
12071
11995
12085
11883
11925
12109
12055
11999
12036
12061
11922
12101
12122
12145
12026
12097
11991
12147
11890
12094
12155
12115
11656
11780
11936
11593
12091
12145
11970
12136
12091
12143
11920
12134
12099
12122
11592
12037
12153
11961
12095
12142
11937
11842
11834
12173
11945
12093
12085
12114
12101
11945
12138
12133
11822
11700
11858
12128
12142
12088
11474
12128
11879
12041
12129
12111
12102
11970
12096
12135
12040
12141
12015
12137
11995
12127
11843
12084
11927
12064
12144
12083
12147
12139
12041
12124
11984
12088
12115
12159
12144
12097
12038
12028
11828
12022
11669
12145
12133
12133
11774
12139
12141
12127
12067
12104
11935
11966
12133
11873
12151
11753
11981
11874
12149
12127
12011
11872
12081
12064
12143
11908
12121
12164
11997
11978
12108
11935
12109
12146
12106
12076
11891
12125
12153
12113
12018
11988
11831
12129
11932
11986
12073
12139
12096
12136
11991
12120
11977
11790
12096
11985
12119
12147
12012
11720
12109
12148
12032
12123
12117
11975
12035
12105
12068
11812
11942
12134
12147
11802
12116
12030
12134
12030
11909
12140
11970
12137
11832
12036
11474
12094
11916
12119
12099
12125
12143
12150
12098
12015
12152
12113
11468
12115
11932
12126
12100
12132
12053
11995
12035
12107
11829
12132
11915
12121
11871
12010
12066
11853
11934
11900
12128
12126
12035
11902
12065
11890
11971
11843
12096
11743
11958
12133
12041
12108
12029
12020
12119
12117
12142
12083
12015
12104
12146
11884
12041
12153
11847
12101
11967
12140
12129
12119
12013
12117
12084
12128
11809
12128
11956
12096
12149
12014
11792
12038
12092
12057
12143
12059
11708
12071
11853
12085
12042
11886
11788
11861
12137
11854
12116
12091
12124
11968
12125
12097
12068
11983
12132
12061
11960
11987
11996
12119
11954
11858
12142
12062
12138
11827
11833
12026
11753
12059
11948
12037
11957
11953
12002
12129
12070
12024
11998
12108
12126
11923
12021
12110
12149
12122
12116
12120
12146
12030
12068
12128
11810
12127
11800
12095
12090
12031
12087
11875
11972
12126
11943
12153
11846
11473
11807
12085
11957
12125
11977
12003
12141
12134
12126
11515
12034
12133
12091
11860
11600
11729
12049
12109
12108
11991
12136
12076
11947
12068
12142
12147
12080
12067
12112
12105
12090
12112
12139
11475
11472
12118
12083
12091
12023
11800
11986
11761
11728
12110
12006
12087
11878
12153
12084
12001
11474
12129
11813
12129
11978
12146
11809
12107
12045
12063
11804
12019
12121
12101
12115
11960
12103
12074
12150
11901
12112
11896
12097
12002
12142
11734
12004
12152
12060
12092
12119
11826
12081
11930
11888
12148
12097
12082
11951
12043
12063
12114
12121
11819
12145
12133
12020
11472
12144
12104
12006
12095
12067
12138
12082
12002
12106
12092
12123
12134
12120
11961
12137
11952
12091
12107
11984
11652
12120
12005
12067
12043
12023
12124
12039
11918
12081
12090
12040
12084
12072
12024
12088
11974
11977
12137
12107
12110
12141
11931
11983
11922
12140
12130
12054
12082
11870
12160
12106
12128
11785
11731
12080
12138
12052
11854
11827
12057
12049
11741
12012
11852
12062
11979
12068
12019
12076
12089
12088
12103
11803
11972
12088
12142
12067
11907
12150
12087
12100
12137
11922
12006
12140
12125
12067
12004
12087
12114
11986
12092
12056
12079
12148
12060
12255
12133
11819
12093
12035
12111
12106
12084
12155
12086
12036
12107
12146
12094
12114
12067
12144
11479
12069
12004
12135
12005
12039
11769
12119
12092
12011
12099
12123
12143
11977
11935
12092
12143
12136
11985
12115
12122
12024
12102
12149
12085
12143
12112
12126
11930
12125
11958
11992
12013
12161
11930
12102
12110
12135
12125
12108
12131
12046
12115
12094
12066
12143
12083
12091
11908
12053
11887
12071
12081
11898
12055
12133
11598
12083
11956
12129
12084
11951
12032
12094
12129
12153
12120
12148
12068
12068
12119
12112
11848
12026
12068
11977
12133
12120
12141
12091
12050
12087
11798
11849
12090
11930
12154
12087
11998
12129
11952
12117
12058
11916
12134
11923
11977
12123
12106
12084
12148
11886
11989
12097
12018
12110
12115
12158
12157
12033
12134
12106
12120
12127
12141
12098
12041
12149
12114
12062
12071
12131
12054
12109
12092
12103
11859
11891
12120
12145
12091
12145
11858
11593
12142
12020
12152
12128
12119
12073
11984
12106
11968
12150
12096
12137
12017
12087
12138
12122
12079
12077
12133
12119
12115
12138
12026
12053
11852
11822
12120
12026
12147
12100
11944
12069
11713
11973
11840
12066
12097
12138
12144
11994
12116
12124
12130
12137
12113
12048
12117
12104
12014
12158
12156
11712
12141
12084
12132
11923
12104
12074
12123
12063
11991
12103
12084
12005
12106
11986
12058
12132
12104
12136
12061
12145
12154
11929
11851
11949
12128
12099
12145
11937
12073
11803
12075
11947
12076
12049
12123
11973
11475
12034
12077
11978
11977
12024
12117
12128
12153
11986
12086
12141
12082
12049
12085
11612
11937
11949
11879
12137
12069
11980
12039
12068
12122
12031
12135
11786
12090
12024
12139
12084
12101
12087
12136
12108
12044
12111
12089
12070
11893
12037
12059
12046
11990
12144
12125
11909
12125
11602
11971
12111
11854
12116
12125
12091
11902
12103
12134
12002
11967
12071
11985
12010
12136
12140
12147
12021
12129
12085
12123
12081
11917
12098
12133
11731
11952
12097
11969
11917
12107
12092
12098
12147
12005
12126
12005
12140
12088
12007
12101
12062
11898
11471
12023
11916
11908
12127
12101
12143
12031
12126
11827
12103
12099
11815
12090
12118
12126
11668
12159
11873
11977
12093
12160
11729
11478
12144
12148
11996
12093
12126
12150
11939
11989
12153
12086
12131
