ocp
11989
11729
12076
12090
12171
12139
12150
12053
12143
11993
12149
12142
12099
12027
12122
12145
12146
12150
11942
12085
12143
12079
11901
12051
12064
11485
11826
12153
12044
11890
11980
12039
12122
12097
12082
12139
11943
12109
11857
12174
12105
11865
11932
12128
12134
12079
12137
12106
12102
12116
12009
11885
12078
12143
11872
12082
12115
11697
12157
12145
12125
12104
12128
12030
11963
11941
12078
12149
11916
12046
11990
12004
12118
12120
12099
11756
12142
12079
11811
12062
12146
12136
12105
11986
11964
12139
11869
11808
12157
12097
11876
11869
12142
12158
12148
12044
12150
11954
12145
12069
12011
12076
12079
11999
12026
12040
12157
12144
12082
12119
12037
11925
11919
12100
12132
12114
12137
12159
12031
12161
12093
12157
12141
11857
11997
12070
12069
12171
11957
12006
11911
11862
11882
11932
12006
12133
12143
12133
12084
11986
12047
11846
12132
11628
12143
11950
12078
12097
12074
11814
12048
12064
12121
12157
12144
12051
12067
11999
11940
11831
11939
12119
11742
12144
11810
11835
11654
12098
12100
12130
11991
12156
12108
12007
11909
12164
11891
11802
12093
12050
12057
11938
12113
12161
12028
11841
12063
12140
12147
12090
12062
12034
12137
11880
11715
12075
12064
12100
12155
12048
11978
12138
11900
12143
11961
12150
12151
12155
11582
12134
12153
12153
12040
12113
12155
12024
12065
12150
12014
12043
12126
12097
12142
12150
12031
12086
11880
12140
12146
12025
12164
12141
11960
11608
12135
12133
11491
12057
12154
12093
12030
12143
11902
12029
12134
12151
12015
11760
12134
12176
12152
12116
12133
11943
11939
11925
11976
11832
11979
12124
12067
12054
12128
11996
12122
12151
12109
12155
12083
12136
11905
12138
12102
11784
11826
11814
12116
11832
12144
12099
12147
12130
12162
12048
12134
11756
11993
12039
12127
11975
11607
12056
11998
12007
12037
11738
11958
12144
12140
11819
12034
12003
12076
12147
11967
12118
12066
11881
12141
12100
11978
12152
12115
12142
12150
12156
11933
11885
12093
12075
12048
12096
12032
12036
12072
12108
11997
12148
12068
11862
11616
12116
12067
12110
12151
11912
11497
12129
12105
12148
12141
12122
12112
12042
12012
11732
12156
11876
12128
12005
12125
12082
12088
11986
12030
12111
12011
11971
12148
12073
11489
12141
11910
11848
11881
12101
12137
11931
12117
12086
12144
12068
12156
12142
12165
12069
12157
12152
12144
12153
12079
12050
12147
12134
12041
11976
12026
12146
12149
12051
12124
12091
12171
12145
12144
12124
12033
12110
12097
12130
11756
11951
12042
12137
11904
12149
12097
12149
12065
12133
12091
12124
11486
12156
11755
11865
11493
12151
12057
12079
12000
12112
11955
12109
12103
12106
12081
11893
11701
12080
11913
12086
12098
12108
12138
12064
12131
12151
12124
12133
12057
12156
12159
12153
12141
12129
12151
12132
12081
12111
12005
12036
11907
12043
12137
12028
12073
12141
12061
12144
11975
11952
11856
11813
11921
12102
11948
12108
12027
12136
12139
12156
12097
12139
12150
11898
12112
12109
12145
11792
12143
12152
12116
12138
11990
12111
11933
12156
12102
11940
12081
11933
11934
12027
11947
11807
12136
12149
12111
11827
12062
12121
12107
12023
12038
11759
12123
12152
12160
12092
11994
11962
12149
11993
11924
11885
12125
12047
11949
12154
12015
12092
11869
11968
12097
11981
12138
11987
12146
12135
12012
12023
11920
12130
12131
12120
11741
12050
12053
12136
12065
11489
12096
12093
12142
11987
11804
11891
12140
12045
12137
12128
12128
12157
12081
12127
12100
12147
12008
12139
12147
12158
12110
11782
12066
11996
12101
11860
12039
12009
12092
12128
12068
12152
12164
12025
12055
11788
11949
12024
11609
11948
12088
12119
12143
11495
12009
12159
12146
12099
12064
12054
12122
12104
12120
12094
12153
12144
12012
11836
12138
12130
12133
12069
12144
12067
12133
12103
12157
12142
12097
12038
12066
12165
12113
11939
12079
12115
11813
12125
12064
12086
11882
11981
12004
12128
11996
12108
11909
12150
12081
12070
12123
11902
11945
11880
12129
12078
12147
12138
12141
11978
12171
12144
12094
12119
12165
12060
12079
11857
12119
12005
12139
12011
12120
11826
12155
11982
12033
12157
11833
11996
12076
12147
11858
11997
12113
12145
12111
12057
12045
12129
11967
11660
11941
12125
12122
12125
12109
12150
12008
12131
11985
12019
11818
12138
12152
12067
12156
12136
12126
12150
12040
12067
12135
11977
12157
11940
11862
12139
11797
12042
12085
12103
11997
12084
12098
11707
11928
11945
12128
12055
12111
11902
12145
11857
12146
11595
12074
12146
12093
12144
12028
12148
12135
12066
12111
12153
11780
12125
11768
12154
11937
11960
12098
11787
12153
12160
12130
12110
12031
11992
11999
12060
12058
12020
12027
12135
12032
11872
12097
12137
12139
12056
12047
12129
12124
12004
12120
12025
11886
11824
11884
12148
11890
12085
12147
12121
12063
12157
11928
12131
12125
12126
12052
11880
12138
12123
11957
12152
12152
12098
12120
12069
12113
11867
12000
12123
11872
12118
11895
12193
12038
12158
12117
12138
12121
12122
12148
12090
11607
12119
12124
12145
12142
12092
12129
12005
11871
11924
12122
12063
12157
11919
12058
11823
12118
12132
11821
12077
12154
11975
12028
11991
12140
12119
12031
12081
11998
12090
11991
11969
12130
11831
12130
12112
12141
12040
11829
11917
12098
11723
11905
12149
12141
12123
12006
12146
12092
12105
12087
12154
12020
12132
12109
11721
11850
12002
12041
11770
12154
11866
11736
12148
12140
11900
12105
12048
12085
11873
11941
12152
12151
12071
12115
12130
12141
12124
11769
11909
12131
12091
12027
12090
12154
12039
12050
11775
11671
11763
12142
12074
11809
12100
11987
12091
11900
12080
12157
12120
12132
11996
12028
12099
11885
12060
11933
12047
12108
12100
11943
12147
12037
11664
12126
12105
12115
11898
12158
11902
12137
12036
12072
12088
11815
11697
12157
11945
12022
12122
12040
12152
12162
12009
12099
11841
12143
12150
12042
12047
12055
11987
12123
12157
11491
11875
11610
12156
12142
12154
12142
12129
12097
12113
11789
11864
12029
12003
12129
12104
12031
11986
12138
12036
12145
11934
12135
12117
12110
12152
12146
12092
11927
11942
12097
11830
12095
12141
12147
12155
12009
11668
12068
12127
12127
11942
12157
12039
12148
12142
11800
12025
12138
12026
11862
12110
11962
11898
11971
12076
