ocp
12004
12031
12120
12133
11510
11999
11514
12110
12032
11996
12062
12083
12125
11981
12109
11972
11920
12130
11917
12095
11749
11997
12101
12123
11859
12047
12106
12022
11776
12055
12026
12113
12022
12058
11714
12044
12071
12132
12046
11972
12013
12080
12110
12099
12007
11993
12118
12017
12044
12086
11988
12083
12135
11868
11467
11966
12106
12122
12107
12127
11894
11854
12102
12006
12092
12111
11852
11964
12097
11960
12091
12116
12053
12110
12113
12111
12016
12068
11884
11983
11817
11801
12148
11948
12049
11838
12003
12067
12023
12096
12034
12111
12023
12110
12099
11899
12113
12121
11699
11895
11583
12040
12032
11841
11744
11895
11984
11846
12151
12113
12069
12119
12010
11999
12048
12103
12133
12121
11700
12091
12125
11750
12012
12101
12107
12130
12048
12099
12060
11899
11782
12082
12000
12085
11463
12065
12091
12075
12094
12084
11972
11963
12104
12084
11965
12105
11983
11769
12096
11895
11872
12100
12038
12064
11875
12128
11792
11730
11942
11875
12111
11843
12124
11892
12135
12118
12118
12099
12021
12115
12062
12118
12044
11831
12101
12123
12044
12063
12055
12133
12112
11903
12092
11735
12024
12093
12076
12090
12121
12085
12027
11962
11467
12124
11732
12109
12101
12010
12108
11908
11964
12066
12076
12134
12117
12116
12092
11899
12128
12086
11807
12081
12107
12079
12057
12108
12147
12070
11796
11953
12116
12127
12104
11930
12050
11946
12062
11913
12069
12051
12107
12098
12090
12117
11825
11958
11987
12134
11940
11968
12040
12046
12020
12100
11893
12127
12115
12040
12065
12093
12075
12029
11993
11810
11867
12120
11994
12069
12001
11792
12090
11997
12069
12106
12069
12011
11631
12125
11973
11990
12064
12042
11908
11828
12026
12040
12108
12099
12069
11917
11948
11958
11872
12114
12130
12091
12133
11932
11979
12043
12109
11467
11705
11944
11959
12128
11942
12135
12063
11840
11861
11965
11743
12131
11995
11764
12095
12059
11913
12074
12101
12129
12103
11911
12082
12020
12103
12098
12101
12079
12103
12058
12072
12043
12025
11953
11908
12114
12100
11960
11986
12082
11795
12132
11863
12027
11893
12039
12113
12070
12117
12111
12104
11930
11888
12109
11912
12040
12116
11736
12119
11751
12082
11930
12058
11828
12121
11945
12076
12028
12022
12050
12096
12107
12129
12012
12027
12107
12107
11930
12083
11616
12078
11463
12066
11604
11959
12018
12103
12115
12073
12053
12092
12117
11966
12102
11733
12130
12090
11800
12062
12095
12046
12128
11470
12115
11605
12050
11681
12054
11970
12070
12100
12037
12133
11918
12103
11995
12081
12094
12082
12019
12129
11984
12030
11995
11937
12025
12028
12136
12011
12096
12043
12120
12084
12081
12035
12046
11948
11998
12126
12072
11897
12120
12097
11980
11937
12009
12067
12125
11462
11925
12037
12107
11800
12106
12082
12111
12089
11981
12117
12073
12030
12127
12089
11883
12078
11969
12083
11978
11999
11681
12032
12095
12132
12124
12063
12101
12128
12060
11713
12050
11973
12030
12013
12060
12074
12095
12061
12113
12118
12052
12118
12033
11884
12085
12100
11877
12032
11971
12098
11968
11955
12081
11915
12033
12086
11930
11747
12113
12112
12076
12041
12019
12051
11928
12083
12040
11664
12089
12097
12065
12074
12071
12004
11814
12035
12093
11842
11882
11985
12042
12058
12036
11507
11969
11741
11915
12100
11726
11925
12050
12116
11860
12100
11960
12132
12040
12115
12017
12124
12026
12016
12081
12121
12093
12091
11884
11988
11969
11881
12086
12071
11991
11895
11926
12113
12127
11900
11807
12115
11670
11963
12113
11991
12157
12027
12131
11946
12115
11844
12068
12110
12095
11913
11956
12032
12031
12129
12097
12081
12007
12014
12117
11987
12032
11962
12039
11966
12086
12051
12064
12085
12007
11857
12094
11915
12018
12096
12089
12082
12132
12086
11882
12024
12128
12116
12053
12119
11590
12120
12057
12130
11949
12131
12058
11842
11958
11761
12087
11629
12005
11925
11949
12010
11867
12095
11974
12050
12089
12037
12128
12084
12064
12116
11933
11864
11959
12124
11886
11969
12109
12127
11985
11967
12107
12128
12120
12039
12115
12116
12059
12120
11690
11732
11629
11589
12136
11883
11908
12074
12039
12119
11994
12100
11948
12005
11739
11859
12121
12057
11996
11976
12120
11996
12040
12081
11906
11948
11772
11977
11881
12113
12130
12076
12094
11721
12089
12054
12104
11978
12115
11757
12013
12131
12106
12067
12028
12044
12002
12134
12110
12030
12031
12127
12085
12099
11893
12039
12026
12073
12003
12112
12132
11872
12098
12029
12129
12057
12099
12091
12115
11784
12013
12090
12104
12099
11690
12033
11894
12052
12129
12021
12099
11896
12008
12106
12111
12095
12080
11971
12048
11953
12095
12060
11788
12137
12040
12139
11811
12114
12039
11889
12030
12071
12115
12098
12102
12113
11995
12120
11965
12082
11943
12124
12080
12110
12050
12084
11839
12053
12075
11867
12111
12081
12116
11894
11836
12112
12128
11568
12120
12106
11912
12108
12048
12023
11935
11610
11902
12065
12044
11984
12076
12028
11992
12020
11855
12035
11735
12108
12097
12103
11860
12130
12005
11889
12093
12078
12030
11912
11947
12093
11956
12118
12118
11995
12070
12043
11912
11894
11950
12050
11857
12091
12066
12094
12015
12123
11838
12067
12064
12128
12051
12023
12026
12105
11830
12118
12052
11930
11998
12119
12099
12043
12099
12031
11974
12022
11941
12082
12010
12023
12074
12097
12098
12132
12055
11976
11886
12000
12004
11905
11746
12158
12062
12056
12006
11991
11770
12018
11994
12081
12081
12107
11989
12091
12052
11929
11880
12100
12036
12133
12120
12101
12009
12124
11790
11586
11962
12089
12105
12003
12045
12081
11948
12082
11841
12100
12007
12116
12082
11888
12083
11722
12135
12047
12052
12052
12127
12020
11876
12114
11890
11944
12126
12043
11906
12122
12045
11884
12099
12108
12071
11852
11811
12093
12089
11907
12069
11991
11958
12114
12128
12005
11984
11741
11990
12057
11798
12045
11977
12133
11983
11992
12052
12124
12095
12094
12023
12062
12113
12122
12093
11895
12022
11729
12020
11713
12009
12086
12123
12049
12118
12112
12081
12132
12117
11974
12121
12099
12118
11585
12064
12045
12027
11590
11945
12041
12078
12124
11854
12094
12044
11487
12101
12024
12080
12102
12041
12031
11997
12049
11960
12127
11886
12037
12112
12095
12076
