ocp
12122
12101
12091
11980
11958
11938
12007
12075
12062
11816
11966
12114
12038
11901
12087
11980
11929
11938
12111
11904
12105
11954
12035
12129
12107
11842
12022
11980
12114
12076
12106
12000
12093
12050
12136
12118
11593
12062
12100
12122
12054
11941
12121
12026
11718
11731
12099
11906
12011
11956
12106
11984
12018
12086
12112
11953
11892
12018
12102
11874
12091
11957
12080
11754
12061
11797
12110
11786
11947
12033
12066
12122
12072
12116
12121
11977
11942
11963
11851
11898
11795
12106
12108
12101
11822
12056
11730
12104
12113
12060
12093
12047
11840
12120
11804
12079
11966
11959
11929
12127
12044
11799
11965
11885
11945
12052
12118
12110
11996
11996
12087
12037
12058
12096
12021
12049
12035
12049
12020
12058
12106
12085
12096
12101
12063
12068
12120
12103
11460
12021
12117
11911
11475
12095
11999
12112
12115
11801
11760
11881
12068
12063
11797
11980
12136
12092
11787
11785
12043
12049
11943
12023
12044
12088
12093
12117
12138
11773
11833
11594
11763
12048
12114
11968
11979
12096
11963
12087
12113
12087
12126
12117
12109
11773
12132
12108
11855
12132
12132
12114
12008
12083
12067
12041
11928
11982
11815
12109
12105
12116
12021
12115
12104
12119
11992
12094
11995
11945
11884
12042
12078
12036
12108
12048
12090
11894
12094
12041
11809
12103
12101
12022
12020
11670
12109
11883
12000
12122
12021
11975
12071
12038
12058
12068
12104
12014
12069
11944
12098
12088
11865
11760
12100
12121
11781
12076
11593
12098
11466
11824
11904
11725
12124
12111
12102
11918
12031
12107
12066
11918
11908
11939
11847
12088
12119
12059
12100
12076
11938
12132
12040
11873
12118
12015
12106
12045
11859
11772
12102
12026
12133
12055
11994
12060
12087
12013
11963
11948
12013
12062
12105
11806
12080
12102
11732
11897
12071
12111
12135
11934
12035
12123
12095
11981
12111
12058
12087
11865
11961
12105
12123
12017
12121
11999
12099
12045
12087
12046
12038
12026
12108
11859
12091
11751
11977
12125
11778
12108
12114
12039
12070
11746
12109
12013
11642
12093
12068
12043
12105
12114
12113
11461
12100
12097
11998
12079
12064
12113
11475
12119
11660
11921
12030
12115
12093
12107
12115
12115
11913
11900
11777
12041
11995
12104
12086
12102
12089
12117
11918
12095
12097
12050
12114
11843
12122
11845
11537
12097
11462
12100
11759
12113
11937
12001
11942
11810
11962
11757
12033
11866
11947
11956
12026
11886
11860
12003
11584
12112
12095
12098
11922
12096
11971
12111
11955
12127
12089
12121
12060
11853
11899
11756
11906
11847
12001
12028
12129
11958
12064
12115
12075
11824
12020
11886
12027
12088
12133
11978
12083
11988
12135
12093
12070
11907
12042
11912
12117
12046
12104
11903
12073
11976
12128
11843
12054
12113
11913
11975
12091
11957
12045
12128
12071
12086
11996
11872
11847
12051
12102
12108
12114
12044
12104
12123
11959
11944
11963
12082
12125
12089
12099
11806
11864
11934
12088
12090
12094
12117
12048
12114
11892
12081
12123
12041
12112
12089
12125
12034
12034
11694
12051
12110
12003
12113
12065
12053
12114
12080
11931
12097
12111
12111
11980
11993
12104
12078
12122
11959
12114
12066
12102
11960
11869
12125
11938
12040
11891
12114
11929
11956
12033
12049
12114
12104
11851
11741
11661
11946
12074
12101
12108
11991
11821
11979
12062
12114
11908
11470
11847
12107
11904
11946
12120
12104
12091
12029
12112
11851
11946
11879
11923
12129
12108
12102
12044
12087
11958
12102
11880
12080
12120
11777
12089
11974
12123
12066
12087
12062
12024
11944
11937
12102
12076
12124
12008
11821
12079
12028
11905
12069
12067
11805
12017
11690
12034
12084
12052
12047
11806
11997
12074
12107
11922
12108
12113
11964
11868
12142
12111
12070
11938
11923
11464
12038
12016
12104
11860
12062
12125
12113
12048
12056
12104
12113
11924
12050
12106
11937
11930
12055
12092
11893
11848
12124
11892
11990
12091
11948
12058
12077
12082
11988
12085
11997
12116
12035
11992
12084
12067
12050
12116
12095
12100
12099
11992
11803
11820
12124
11884
12067
11837
11856
12033
11906
12119
11945
12101
12094
12123
12044
11883
12001
11955
12066
12057
11907
12096
12004
12065
12028
11688
12032
12045
12107
12087
12032
12108
12007
12067
12057
12077
12034
12021
12117
11876
12070
12109
12087
12098
12040
12119
12095
12110
11926
12110
11989
12088
11971
12046
11661
11948
12022
12081
11988
12116
12019
12111
12098
12081
12068
11757
11903
12073
12111
12123
11961
11909
11998
12107
12127
11997
12084
11871
12108
12105
11783
12047
12089
12114
11984
11999
12040
12102
12062
11993
12104
12083
12082
12006
12108
12115
11866
12123
12095
12035
11786
12087
12091
11954
12050
11924
12061
12134
12105
11895
12115
12143
12124
12124
12110
12113
12083
11942
12119
11901
12086
11965
12095
12117
11955
12082
11804
12112
11869
12049
11886
11942
12082
12095
12117
11854
12131
12071
12055
12136
12042
12083
11788
12092
12001
12115
12110
12115
11997
12133
12025
12073
12107
11899
12069
12078
12062
12056
12098
12104
12066
12023
12117
12069
12052
12074
12118
11818
11988
11973
12084
12132
12118
12104
11850
11761
12004
12035
12104
11928
12045
11942
12035
12118
11968
12098
12095
11934
11991
12126
12069
11995
12117
11779
11817
12121
11968
12117
12014
12072
11894
12089
12085
12108
12113
12113
12090
11948
11473
12010
12086
12007
11759
12085
12109
11997
12030
11855
11909
12055
12013
11908
11673
11914
11467
12106
11989
11963
11960
12100
12086
12094
12137
12112
11849
11780
11688
12095
12125
12082
12125
11908
12101
11672
12073
12094
12050
12015
12103
12067
12069
12043
12077
12146
12043
12079
11798
12099
12109
11964
12004
11960
11949
12118
11968
12002
12116
12074
12118
11959
12000
12102
11941
12100
11879
12075
12082
12106
12085
11929
12080
12110
12077
12070
12064
11753
11801
12028
12144
12059
12078
11584
12126
12075
11963
12016
12119
12097
12108
12043
12101
11896
11985
12053
11919
12124
12048
12112
12038
12042
12050
12063
11977
11934
12121
11879
12045
11833
11916
11974
11924
12072
12113
12009
12031
11942
12009
11911
12114
12018
12120
11988
12033
11961
11772
12026
11910
12119
12022
12102
12093
12103
12057
12121
12101
12081
11846
12088
12001
12007
12096
12082
11932
12107
11922
11998
12101
12049
12040
12111
12092
12116
12036
12144
12089
