ocp
12032
11951
11854
11697
12045
11951
11809
11867
11891
11914
11867
12043
11822
12041
12006
11910
11976
12034
11768
11859
11850
12021
11921
12004
11956
11982
11976
11862
11984
11962
11841
11949
11877
12031
11519
11946
12043
12006
12017
12024
11394
12034
11991
12007
12009
11972
11772
11833
11741
11900
12002
11959
11926
11933
11966
11927
11967
11990
11987
12007
11922
12035
12040
12035
12034
11916
12041
12011
11901
11993
12016
12026
12032
12026
11990
12048
11979
11971
11922
12031
11916
12012
12021
11768
12035
11957
12046
12018
11932
12015
12019
11396
11991
11583
11996
11680
12022
11856
11992
12041
11992
12021
12024
12038
11733
11973
12012
12033
11997
12026
12016
12043
11943
11773
12019
11983
11862
11926
12035
11858
11786
11988
11987
11898
11920
11895
12005
11640
12028
12011
11936
11923
11998
11996
11735
12026
12033
11948
12050
11840
12033
12044
11731
11785
12041
11991
11945
12010
11854
12026
11950
11814
11978
11963
11960
12044
11914
11972
12187
11941
11856
11852
12026
11872
12002
12037
12017
12021
11879
12045
11941
11975
11810
11985
12041
11644
11979
12004
12032
12003
11827
11898
11971
11935
12037
11996
12020
12047
11790
12029
12048
12003
12046
11737
11974
11856
11916
11716
11996
12035
12052
12024
11899
11954
12027
11875
11901
11923
11931
11847
11988
11915
11871
11872
11903
11909
11993
12033
11960
11728
11987
11600
11966
11972
11741
12021
12027
11964
11996
11947
12030
12011
12018
11885
12033
12022
11712
11756
11936
11664
11930
11965
12045
11962
11938
12048
11948
11782
12035
12003
11894
11996
11981
11712
12054
11975
12029
11861
11895
12024
11995
12017
12046
11938
12031
12048
12007
11996
11726
11932
12025
12010
12033
11704
12039
11829
12039
11899
12038
11958
11432
11986
11849
11981
12004
11865
11995
11929
12013
12028
12054
11876
11826
11985
12026
11988
12010
12024
11906
11804
12009
11895
11714
11399
11989
11778
11710
12029
11683
11758
12014
11396
11882
11979
11907
12028
12046
12030
11764
11904
11985
11774
11972
11936
11863
11854
11712
11998
11765
11792
11871
12038
11827
12001
11852
11805
11770
11949
11887
12047
12035
11956
11787
12046
12045
11980
11948
12047
12044
11965
12039
11899
12027
12059
12053
12044
12045
11532
11808
12053
11732
12053
11967
11820
11914
12044
12041
11904
11703
12017
11996
11983
12043
11983
12058
12055
12025
11923
11930
11869
11993
11702
12026
12055
11983
12025
11868
11957
11900
11849
12031
11867
11907
12027
11800
12037
11962
11839
11808
11999
12046
12011
11814
12019
11391
11977
11827
11922
12034
12032
12029
11851
11991
11958
11957
12015
12049
12055
12035
11939
11993
11957
11975
12022
11871
12042
11818
12019
11969
12006
11936
11975
11394
12012
12027
11879
12029
11903
12053
11799
11967
12021
12043
12048
12017
11770
12040
11979
12030
12051
11984
12010
12054
11723
11514
12021
11932
11758
11630
12034
12041
12018
11932
11846
12053
12016
11886
11952
12009
11885
12025
11751
12039
12047
11965
11856
11876
11926
12030
12054
12043
12025
12017
11843
12045
12019
11697
11846
11521
11931
12013
11837
11936
11981
12002
11997
11976
11987
12028
12034
12005
11567
11912
11817
11915
11930
11920
12042
11656
11519
12043
12024
12003
12039
11895
11951
11828
11983
11967
12000
12065
11832
12086
12047
11981
11922
12051
12037
11950
11973
11984
12052
11964
12045
11989
11935
11845
11910
11927
12043
12050
11913
11983
12030
11915
11698
12037
12040
12017
11893
12029
12014
12002
12021
11906
12023
12060
11980
11953
11837
12013
11676
11952
11935
12032
11925
12057
12033
11994
11982
12032
11873
12031
11990
11937
12045
11963
12019
11980
11835
12058
12002
11913
11911
12023
12047
11862
12004
11896
12053
12043
11920
11920
11975
12039
11703
11963
12050
12046
12011
11883
12045
11694
11756
11929
12011
11774
12025
11997
11956
11996
12047
11621
12038
12017
11973
11592
11933
11938
12055
11940
12018
12020
11793
12053
11967
11689
11512
11970
11897
11891
11968
11900
12029
11970
11731
12012
11963
12018
12031
11845
11945
11745
12002
12001
11881
11492
12043
12020
12054
11967
11869
12035
11895
12031
12034
12000
12019
12028
11865
11700
12031
11984
11784
12022
12013
11848
11926
11841
11622
11853
11986
11988
12025
11517
12023
12055
11994
11855
11983
12044
11864
11916
12032
12036
11848
12039
12000
12046
11965
12045
12005
12001
12026
11793
11758
12037
11916
11987
11896
12057
11874
11915
11982
11952
11674
11968
12046
11929
11915
11994
11994
12003
12021
12039
11991
12012
12047
11952
11826
12025
11949
11949
11817
12045
11905
11994
12023
11548
12020
12034
11996
11876
11997
12033
12033
12026
11959
12038
11837
11971
11934
12044
11934
11975
11695
11979
11975
11950
11973
11883
12010
11564
12038
12044
12048
11961
11994
11871
12032
12025
11517
11514
11996
12045
11920
11927
11916
11736
12051
12044
12038
11969
11829
11920
11398
12014
11709
11832
11857
11811
11989
12047
12001
12027
11971
11983
11813
11994
12038
12051
11874
11984
11848
12056
11924
12015
12015
11996
11990
11974
12004
11800
12035
11992
12049
12005
12026
11860
11847
11987
11993
11710
12005
12041
11885
11698
12038
12003
11775
12058
11757
12026
12000
11827
11608
12043
11489
12050
12064
12053
11986
11980
11870
11988
11685
11835
11938
12009
12029
11983
12010
12043
11982
11967
12031
11921
12052
11929
12041
12007
11857
11944
11592
12033
11754
12039
11724
12059
11750
11990
11894
11853
11966
12037
12041
11855
12007
11994
11994
11397
11984
12006
11920
12038
11843
11400
11987
11825
11833
12041
12027
11847
12025
12017
12047
11395
11980
12007
11891
11973
11752
11973
11948
11717
12035
11795
12035
11875
11872
11834
11892
12048
12032
11908
11978
12040
12033
11989
12041
11962
11518
11988
12003
12034
12020
11757
11894
12020
11988
11988
11890
11926
11981
12044
11949
12062
12047
11994
12040
12040
12032
12044
12007
12047
11983
11534
12054
11932
11906
11832
11953
11967
12027
12040
11745
12042
12034
11977
11975
11633
11964
11850
11953
11997
12069
11930
11730
11530
11983
12000
11959
11996
12052
11927
11823
11981
12038
11433
11871
12060
11998
11935
12062
11997
12049
12043
11853
12026
11790
12016
11979
12023
12015
11991
12055
12026
12055
12009
11885
11814
11993
12028
12041
11811
11755
11798
11782
12017
11983
