ocp
12021
12068
12059
12087
12122
12113
12076
12056
12109
11937
12100
12008
11929
11837
12127
11884
12049
12058
12004
12120
11909
11708
11865
12046
12094
12109
11956
12031
12135
11723
12033
12047
11470
11831
12142
12088
12078
12092
11891
12103
11990
12025
11817
11850
12052
11714
12017
11731
12021
11940
12084
11858
11958
12111
12121
11944
12091
12011
12101
12013
11943
11941
11990
11624
12104
12089
12025
12120
12090
11938
11958
11680
11898
12002
12054
12100
11831
12125
12004
12115
12118
12097
12131
11970
12019
12076
11905
11884
11895
12056
12040
12133
12119
12108
12117
12067
12146
12095
12125
12051
12129
12120
11881
11869
12123
12057
12064
12086
12022
11898
11986
12058
11851
12126
12069
11961
11963
11940
12083
12118
11949
12021
12088
12034
11977
11841
12106
12105
11911
12051
12123
12121
12030
11763
11916
11984
12033
12113
12141
12062
12009
12049
12108
12110
12130
11962
12118
12102
12133
11709
12106
11833
12120
11470
12094
12006
12037
11475
12076
12110
12117
11996
12036
12130
11736
11725
12123
12008
11974
12120
12096
12012
12043
12117
11988
12044
12137
12067
12108
11931
11934
11999
12129
12033
11685
11932
11945
11960
12070
12093
11711
11883
11792
11988
12122
12078
12120
11917
12057
12111
12112
11799
12046
12116
12122
11891
12126
12118
12081
12124
12007
12000
11904
12059
12123
12101
12128
12083
12035
12058
12063
12082
12115
11844
12018
11896
12031
12118
11988
11853
12110
11592
12134
12121
11849
12077
11970
12055
12000
12117
11686
12112
12123
12075
11747
12111
12127
12121
12016
12113
12127
12026
12117
12112
12102
12118
12081
12110
12028
12113
11913
12123
11790
11482
11979
12085
12109
12111
11970
12114
12116
12127
12030
12093
12005
11930
11978
12111
12045
11996
12015
12099
12048
12088
12112
12120
12078
12131
12011
12109
12117
12119
12070
11626
11884
12082
12106
12108
11955
12091
12130
12021
12068
11916
11917
12124
11913
12107
12044
12100
11868
11819
12111
11996
11916
12077
12127
11916
12117
12028
12124
12130
12105
12018
12111
12004
11848
11884
12053
12116
12082
12025
12083
12020
12052
12113
12084
11966
12108
11592
12054
12121
12008
12038
11752
11479
12105
12086
12128
12123
12063
12122
12112
12122
12119
12102
11849
12054
11959
11886
12123
12040
12042
12133
12107
12001
12129
12046
11811
12072
12128
12128
11855
12015
12014
12001
12120
12100
12055
12041
12122
12121
11933
11988
12245
11700
12032
12086
12071
12097
12106
11797
12121
11965
12114
12127
12113
12129
12068
12041
12112
12106
11830
12101
12113
12058
12082
12085
12108
12077
12012
12060
11969
12055
11997
12120
12119
12072
12007
12070
12046
12049
12070
12051
11860
12134
12121
12131
12056
12117
12114
12074
12091
12130
12037
12116
11981
12000
12011
12090
12023
12122
12026
12114
12117
11962
11843
12067
11992
12019
12038
12114
12017
12120
12048
12093
12122
11860
12113
12063
11842
12077
11921
12121
12078
11997
12105
12075
11713
12131
12120
12039
12012
12138
12077
11936
11982
11941
12138
12063
12118
12017
12095
11911
11944
12026
12074
11973
12058
12119
12116
12114
12062
12113
12076
12127
12115
12017
12108
11996
12116
12080
11996
12102
12106
11600
12104
12127
12108
12075
11598
11932
11991
11952
12027
12051
12115
12064
11944
11840
12032
12076
12080
12037
12090
11965
11693
12121
12120
11832
12112
11952
12123
11669
12022
12016
12127
12068
11997
12086
11947
12077
12127
11933
12124
11903
11896
12137
12125
11470
12085
11730
12086
12123
11960
11874
12123
11839
11654
11588
12040
11990
12129
11882
12020
11935
12000
12005
12091
12087
12104
12038
12037
12035
11938
12128
12115
12077
11969
12047
12056
12118
11967
12118
12051
11785
12104
12110
12119
12120
12119
12005
12014
12122
11476
12114
11906
12120
11947
12099
11873
12012
12131
12127
12037
11992
12132
12096
11810
12115
12130
12070
12049
12105
12087
12087
11931
11840
12116
12090
12097
11927
12123
12085
12117
12128
12113
12122
11879
12134
12087
12128
11860
11867
12062
11736
12050
12093
12128
12110
12046
12108
12127
12122
12058
12060
11971
12083
12116
11953
12126
12106
12033
12114
12044
12120
12070
11962
11979
11996
12116
12066
12107
11778
12076
12100
12071
12046
11988
11984
12112
12120
11988
12124
12111
11642
12102
12058
12073
12023
12066
12050
11897
12042
11874
12094
12121
12113
12083
12078
12126
12030
12051
12067
11860
12082
11972
12122
12089
12128
12082
12127
12117
12044
12110
11948
11974
12025
12093
12098
12100
12031
12131
12044
12056
12076
12071
11942
12131
11735
12087
11710
12075
11476
12005
12109
12026
12093
12097
11996
12120
12081
11592
11959
12126
12127
12124
12112
12116
12059
12011
12120
11871
11988
11798
12060
12061
12060
11948
11967
12007
12069
12033
12101
11591
12085
11837
12126
12120
11901
12019
12126
12124
11724
11858
11805
12005
11897
12094
12127
12121
11989
11913
12008
12077
11902
12109
12070
12066
12128
11985
12109
11960
12126
11987
12128
11690
11844
12058
12087
12092
11880
11900
12125
11837
12083
12107
12120
12124
11863
11940
11940
11799
12003
12047
12007
12084
11938
12086
12107
12120
11781
12111
12106
12022
12102
12095
11973
12113
12118
11744
12065
12099
12018
12027
12120
12023
12092
11884
12016
12002
12028
12023
11920
11923
12076
12026
12053
12097
12120
12121
12116
12128
11817
11981
12098
12123
12087
11972
11987
12101
12054
12111
11840
12040
12134
12104
12064
12025
12128
12005
11931
12044
12123
12118
12036
11917
12045
12128
12108
12100
12094
12140
12012
11597
12096
12048
11791
11756
12058
12014
12102
12114
12084
12116
12122
12121
12114
12027
12025
12003
12115
12094
12066
11701
12130
12006
12114
12088
11475
12064
11675
12113
11633
12120
11918
12112
12084
12084
12072
11715
12126
11829
11888
11599
11934
11468
12018
11722
11832
12114
12069
11984
12022
12098
11942
12056
12107
12110
11993
12087
12129
12073
11985
12040
11909
12130
12094
12088
12130
12043
12146
11879
12063
11994
11864
12047
12125
11800
11999
12067
12038
12120
12030
12080
11993
11919
12128
12004
12134
11996
12047
12098
12123
12072
12035
12124
12118
12096
12133
12121
12089
12128
12127
12077
12118
11915
11873
12085
12128
12056
12110
12028
11721
12102
12094
12062
11875
12012
12115
11942
12126
12123
11473
12086
12063
12124
12068
11985
12119
