ocp
12112
12096
11968
12085
12051
11993
12031
11478
11909
12030
11880
12074
11905
12099
12031
12102
11993
12089
11877
11947
12102
12098
12080
12044
12073
12054
12093
12080
11885
12091
11466
11697
11912
12007
12097
11953
12000
11914
12032
12091
12098
12007
12094
12041
12089
12115
11882
11994
12085
11666
12096
11586
12050
12071
11893
12054
12106
11465
12010
12097
11988
12080
12069
11817
12092
11968
11961
12095
12084
11692
12100
12027
11937
11938
12060
11958
12035
12059
12078
12041
12092
11996
12050
12100
11825
12091
12056
12038
12090
12102
12078
11482
11775
11806
12093
12033
12101
11979
12046
11898
11667
12044
11847
12071
11945
12062
11714
12059
12045
12023
12062
12081
12092
12085
12006
11891
11955
12090
12065
12040
12094
12075
11943
12098
12066
12092
11857
12088
12046
11968
12106
12018
11948
12016
12039
11959
12054
12056
11879
12030
11991
12100
12095
12042
12000
12035
12041
12103
12097
11971
12063
11849
11882
12105
12068
11956
12059
12072
12072
12063
11978
11905
11860
11959
12024
11758
11911
11656
12080
11473
12069
12095
12098
11964
12081
12050
12068
12014
12093
12085
12070
12098
11930
11836
12100
12056
12029
12065
12069
11876
12092
11953
12019
11824
12093
11928
12015
12099
12075
12081
12025
12038
11995
11680
11913
12108
11914
12030
12005
11918
12062
12080
11942
11751
12010
12098
11977
12096
12080
12103
12063
12094
11948
12101
12171
12100
12082
12034
12012
12101
11763
12069
11856
12085
11969
12092
12091
11972
12029
12100
12083
12045
11873
11989
11937
12027
12085
12032
12078
12002
11955
11874
12024
12029
12068
12085
12056
12083
12083
11957
12020
12093
12050
12091
12087
11750
11947
12001
11848
12092
11833
12058
12088
11988
11480
11974
12091
12070
12043
11986
11920
12047
11879
12082
11986
12080
11801
12048
12007
12068
12088
11914
11886
11942
12086
12015
12051
12097
12075
12099
11942
11986
12028
12083
12104
12101
12044
11986
12035
11902
11959
11991
11889
12041
12086
11776
11995
11946
12030
11872
12091
12076
12074
12098
12038
11995
11990
11889
11873
12049
12089
12061
12001
12094
12069
12012
12076
11953
12019
12000
12057
11978
12035
11920
12092
12046
12055
12091
12028
11916
11835
12063
11925
11989
11802
11976
11742
11788
12002
12045
12056
12097
12104
12093
11980
12002
12047
11593
12071
11958
12098
12046
12018
12012
12082
12084
12094
12048
12060
12007
12035
12074
12041
11840
11987
11918
11705
12014
12065
12096
12052
12054
12085
12089
11987
11715
12092
11836
12082
11866
12083
12084
12083
12017
11908
12081
12042
12006
12082
12098
12087
12059
11865
11811
12077
12060
12091
12036
12028
12080
12092
12092
12091
12077
12048
11908
11920
12099
12069
12040
12083
12028
12028
12067
11844
11687
12013
12040
11965
12002
12095
12066
12030
11706
12061
12093
12034
12064
12096
12102
12046
12094
12066
12096
11806
12051
12000
11906
12081
12097
11626
12096
12044
12045
12068
11949
11963
12046
12042
12035
11965
11840
11944
12094
12076
12087
11907
12077
11872
11997
12074
11946
12089
11594
12062
11973
12018
11950
11997
11986
12059
11904
12088
12063
11908
11970
12097
11966
11844
12100
12094
11820
12118
11880
11933
12065
12090
11875
11837
12043
12094
12058
11950
12102
11881
11819
11978
12096
12030
11942
12096
12073
12103
12006
12099
12096
11904
12100
12085
11745
12068
12019
12070
11970
11600
12093
12077
12082
11826
11869
12098
12024
12050
12049
12050
12084
12052
12032
12087
12092
12092
12085
11818
11691
12079
12083
11997
12039
11948
12093
11982
12100
12044
12015
12030
12100
12084
12071
12041
12041
12007
11955
12075
11955
11941
12033
11820
12098
12085
12101
11964
11824
12088
11956
12086
11982
12041
11917
12092
12059
12000
12058
12012
12066
12060
11964
11977
12008
11830
12086
11944
11998
11471
12047
11997
12044
12024
12064
12031
12091
12075
12085
12086
12074
11960
12087
12074
11946
12094
12096
11789
12015
11936
12071
11918
12087
12079
12080
12080
11639
11611
12098
12097
11965
11819
11863
12083
12033
12033
11915
12089
12091
12096
12048
12033
11983
12000
12061
12069
12041
12087
11796
12081
12026
12049
12036
12087
12090
12091
12012
12030
12081
11738
12085
11676
12062
12101
12088
12091
12036
12073
11820
12099
12103
11799
11850
12032
12097
12079
12077
11980
11969
12080
11943
11931
12037
11939
12069
11936
12100
12082
11464
11930
12080
12069
11920
11995
11952
12086
12063
11897
11986
12076
12098
12081
12036
11934
12002
11942
12006
12002
11974
11814
12010
11921
12056
11984
12107
11938
12047
12074
12032
11921
11966
11922
11978
11972
12035
11909
12082
12101
12100
11766
12054
12084
11943
11995
12090
12102
12071
12038
12075
12011
12089
12095
12070
12024
11993
12100
12096
12081
12021
11878
11478
11959
12096
11954
11916
12018
12056
12048
12085
11990
11590
11837
12097
12057
12090
12001
12100
12075
12088
12098
11899
12055
12092
12070
12098
12071
12095
12067
12088
12095
11895
12082
12097
12072
12094
12070
12069
12047
11990
12082
12093
12085
11835
12083
12037
12097
12044
12109
12088
11820
11818
11489
12070
11998
11771
12044
11923
11470
12005
12086
12033
12090
12002
11992
12085
12064
11978
12093
12078
12086
12090
12065
12097
12042
12091
12038
12044
12092
12067
12049
12047
12095
12013
11468
11998
12083
12093
12092
12073
11912
11943
12088
12095
11980
12068
12099
11965
12078
12001
12059
11947
12000
12059
11833
11986
12101
12034
11895
11944
12037
11926
12090
11913
12096
12068
12052
11828
12003
12099
11834
12080
11702
12096
12015
12077
12101
11892
12086
11899
11976
11976
12091
11813
11984
12079
11964
12084
12071
12068
12076
12069
12029
11956
12092
12084
11978
12011
12040
12113
12016
12067
12041
12073
12074
12093
12070
11995
12053
11943
12174
12071
11845
12093
12039
12093
12024
12089
12096
12083
12075
11911
12014
12118
12082
11986
11907
12096
11590
11956
12047
11948
12001
11823
12103
12002
12039
12017
11988
11828
11962
11769
11989
11915
12057
11944
12091
12094
12045
11813
12094
11716
12025
11768
12092
11904
12049
12035
12073
11938
12087
12100
11939
11943
11825
11965
11957
12052
11823
11968
12087
11976
12056
12090
12096
12080
11816
12093
12098
12050
12084
11936
11983
11736
11942
11836
12032
12049
12041
12093
12019
12084
12096
12066
12045
12093
12073
12096
