ocp
12000
11914
12107
12091
12078
12145
11697
12042
12013
12069
11954
11963
11775
12021
12056
11952
12093
12023
11884
12093
12059
11860
11944
11994
12080
11798
12097
12070
11942
12081
12096
12057
12088
11893
12098
12058
12082
12067
12077
11880
11893
12018
12028
11797
11849
11858
11959
11751
11839
12084
12089
12079
11937
12107
12104
11879
12109
12055
11703
12016
12074
11827
12092
12020
11868
11943
11993
11975
11956
11946
12116
11851
11828
11867
12070
12095
11939
12093
12097
11734
11914
12103
12051
12078
11851
11943
12034
12093
12087
11794
11831
12010
12114
11976
12053
11960
12099
12024
11799
12056
12028
12075
11878
11760
12047
12077
12093
12088
11915
12075
12053
12043
11957
11829
12025
12083
11897
11713
12073
11997
12072
12090
11732
12076
11987
11998
11754
12094
12095
11872
12089
12055
11822
11822
11946
11989
11924
12056
12072
12010
12068
11805
11972
12106
12097
12096
12018
12062
11788
12060
11724
12092
12083
12058
12089
12083
12088
11960
12096
12026
11841
12076
11428
12117
12092
12068
12003
12008
12098
12089
12095
11813
12011
12095
11878
12074
11932
12097
11899
12036
11439
12048
12093
12107
12078
11863
11770
12065
12048
12001
11815
12052
12081
11920
11895
12030
11901
12073
12114
11979
12059
11908
11936
12118
12033
11949
12078
11685
11764
12092
12065
12025
11824
11436
12025
11952
12010
11987
12112
11926
12049
12049
12006
11841
11897
11745
11937
11987
12074
11987
12042
12056
12057
12071
11931
11921
12090
11718
11734
11997
12112
11867
12034
11850
12078
12023
12076
12095
12048
12116
11932
12069
11680
12092
12072
11902
11937
12062
12097
12010
11977
11998
11879
12070
12026
12048
11845
11951
12080
12025
12035
12115
12094
12120
12030
11879
11971
12094
12058
11800
11979
12065
12097
11947
11875
12084
11992
12103
12100
11626
12072
11788
11966
11991
12036
12022
11692
12034
12088
12071
12048
11950
12084
11853
12024
12072
11928
12004
12003
12095
12039
12052
12104
11970
12076
12086
11974
12088
11999
12079
11971
11973
12089
12097
12093
12058
12049
11799
11966
12017
12061
11939
12050
11890
11999
12056
12063
12103
11901
12035
12028
12047
11891
11962
12065
11980
11877
12105
11955
11823
12068
12053
12084
11849
12024
11778
11935
12031
12091
12042
11720
11896
11982
12082
12103
11962
12013
12056
12041
12096
12059
11690
11995
11827
12103
11886
12027
11956
12092
11851
12097
12055
12105
12050
12048
12108
11904
11428
12096
11985
12023
12095
12017
12060
11709
11851
11806
12016
12094
12087
11794
12040
11847
12060
11999
11888
12073
12048
11831
11726
12085
11812
12064
11899
12046
11873
11899
11979
12070
11825
11914
12069
12102
11942
12021
11993
12091
12091
12042
11980
11951
12110
12032
11973
11941
11780
11863
12024
12089
12016
12096
12076
11986
11891
12095
12108
11990
12051
12058
11987
11904
12078
12106
12104
12113
12099
11957
12085
11997
12019
12018
12083
11985
12078
12096
12102
11997
12066
12041
11985
12073
12088
11612
12015
12056
12121
11986
12113
12101
12102
11431
11910
12023
12087
11806
12051
12102
12103
12036
11841
12098
11932
12068
12063
12096
11925
12097
11924
11826
12098
11902
11842
11896
11904
12100
11866
11898
12071
12024
12103
12000
12098
12021
12087
12045
12118
12067
12050
12025
12089
12064
11911
11897
12101
12043
11887
11872
12044
11986
12092
11551
12024
12092
12064
12077
12092
12017
11887
12006
11848
12095
12072
11843
11944
12075
12043
11973
12106
11735
12060
11775
11721
12025
12048
11947
11878
12091
11749
12073
11960
12062
11907
12078
11796
11942
11589
12038
12090
11901
12064
12106
11608
11662
12066
12079
12092
12079
11672
12027
11953
11962
12024
12006
12106
12031
11811
12051
11936
12090
12114
12045
12044
11433
11786
11939
11846
12042
12056
11916
12061
12059
12068
12090
11980
12088
11806
12004
12108
11853
12023
12001
12101
11959
11911
11868
11852
12061
12046
11846
12083
11911
12037
12091
12038
11980
12108
11867
12078
11843
11972
12099
12085
11853
12106
11916
12099
12094
12105
12101
12088
12077
11891
11904
12088
12097
12080
11799
12085
11944
12093
12029
12097
11796
12073
11892
12067
11992
12049
12113
12094
12117
11933
12069
11875
12002
12098
11906
12103
12097
11995
11804
12084
11914
11660
12075
12052
11944
12068
12046
12087
12009
12058
12105
12081
12051
12025
11558
11992
11955
12004
12052
11780
12103
11943
11927
11431
12118
11909
11922
12074
11981
12053
11989
12078
12015
12071
11894
11983
11983
11986
11834
11976
11968
11794
12073
12096
11692
11899
12085
11932
11952
12091
12095
12077
12062
12006
11907
11428
11966
12063
12051
11793
12093
11899
12064
12111
11990
11945
12066
11883
12081
12085
11991
12016
12041
11818
12056
12065
12091
12073
11840
12082
11996
11843
11838
11945
11654
11994
12031
11730
12017
12101
12013
12022
11978
12087
12084
12089
12102
11705
12059
11869
12085
11854
11866
12076
12038
11972
12033
12111
11928
12097
12050
11979
11854
11865
12009
11995
12107
11953
12086
11863
12084
11626
12095
12010
11906
11954
11991
11720
12036
12077
11988
12051
11990
12029
11904
11752
11935
12071
11989
11436
12077
12110
11560
12084
11874
12031
12094
12094
11939
12093
11879
11972
11824
12014
12088
12041
12111
11975
11963
11922
11429
11903
11949
12058
11939
12031
12088
12094
12108
12072
12032
11850
12102
12077
11961
11964
12112
11983
12095
12108
11631
11793
12015
12072
11975
11702
12043
11972
11428
12101
11821
12031
11642
12033
12086
12096
12058
12069
12073
12088
12004
11728
11899
12024
12098
11888
11433
11434
12106
12098
11847
12106
12077
11955
11995
12069
11998
11785
11995
12076
12088
12076
12060
12122
12001
12106
12036
12087
12088
11546
12017
12061
12103
11429
12115
11855
12001
11953
12085
12014
11761
11849
12042
11722
12054
12078
12108
12080
12095
12056
11775
12083
12039
11838
11640
12107
12098
12101
11936
12084
12113
12039
12073
11859
12078
12097
11774
11961
12035
11989
12072
12059
12019
12017
12086
12102
12041
12096
12101
12060
12058
12077
12095
12093
11947
11958
12090
12105
12115
11831
11887
11948
12081
11947
12099
12098
11976
12027
11750
12001
11831
12112
12111
12070
12092
12101
11749
12060
11992
12084
11969
12072
12092
11919
12072
12089
12101
12052
11914
11954
11465
12061
11945
11886
12096
11760
11985
12018
