ocp
12060
12063
12053
11661
12066
12057
12043
11992
11962
12053
12055
12035
12010
12070
11867
11915
12049
11962
12059
12066
12072
12039
12051
11998
11930
12039
12077
12080
11765
12068
11842
11996
12053
12066
12064
11910
12074
12077
12047
11877
11998
11839
12162
11721
12054
11910
12039
11769
12049
11987
11856
11931
12045
12052
11675
12022
11838
12059
11976
12011
11901
12048
11991
12059
12016
12053
12054
12037
12063
11767
11990
11933
11944
12062
12025
12025
11927
12065
11992
12034
12058
11662
12085
12034
12056
11806
12051
11980
12024
12027
11645
12056
11849
11877
12038
11987
12080
11886
12033
12049
12081
12071
11991
12000
12043
12046
12036
12034
12045
12058
11764
12063
11837
12033
12077
11973
12023
12082
12070
12053
11766
12051
12010
12078
11925
11916
12032
12052
12052
12077
12070
12003
12047
11782
11991
11810
12033
12057
11971
12065
12047
11583
11844
12026
12076
12037
12048
12063
11986
12027
12029
11943
12011
11923
11927
11859
12062
12029
11991
11974
12013
11992
11843
12076
11953
12059
11879
11971
12058
12047
11426
12056
12058
12049
12078
12032
11898
11929
11925
12009
11921
12072
12063
11924
12024
12018
11831
11640
11963
11923
12017
12058
11963
12072
12073
12051
11893
11907
11664
12073
12050
12041
11979
11945
12027
12070
12047
12066
12047
12025
11952
11852
11833
11891
12072
11748
11758
12074
12080
11543
11611
11849
12074
11929
11744
11971
11810
12069
11819
11865
12065
12077
12057
11775
11858
12074
12052
12052
12020
11872
12071
12054
11928
11950
12034
11895
11975
12039
11593
12070
11926
12094
12054
11951
12065
12052
12036
12055
12053
12085
12042
11958
11957
11869
11939
11544
12057
12071
11766
11953
12076
11987
12090
12016
12061
11961
11967
11882
12016
12027
11863
12019
12048
11932
11952
12040
11820
12067
11942
12072
11978
11975
12056
12049
11599
12003
12058
12038
11662
12035
11972
12057
12028
11929
12071
12085
12081
11894
12076
12040
11419
12050
12068
12084
12066
11963
11998
11956
12078
11849
12007
12038
12058
12043
12059
12012
12052
11926
12062
12018
12064
11424
11987
12062
12052
12069
12057
11983
12043
12035
11935
12015
11884
11834
11976
11907
11816
12057
12004
12022
12051
11830
12030
12006
11966
11997
12059
12088
12060
12036
11914
11766
12000
12068
12037
11807
11812
11979
12008
12038
12087
12056
12021
11718
12042
12036
11912
11679
12088
12076
11737
12057
11786
12012
12072
12066
12036
12046
12001
11994
11914
11918
11875
12022
12059
12028
12065
11957
11914
12068
12063
11978
12022
11994
11994
12058
12040
11928
12089
11962
11897
12055
12078
12043
12042
11968
11872
12082
11969
12061
12075
11744
12043
12061
12039
12048
12070
11971
11866
12065
12029
12073
12047
11919
12064
11934
12052
12024
11923
12053
11800
12049
11860
12061
11975
12033
12042
12037
11998
11955
12047
11980
11961
12063
12044
12071
11896
12056
11976
11955
12046
12049
11999
12005
12061
11906
11907
12038
12039
12016
11972
12075
12000
12032
12018
11994
12068
11982
12045
11860
11926
12058
12055
11869
11885
12056
12045
11926
12061
12069
11996
11907
11879
12023
12070
12025
12052
11661
12071
12070
11786
12052
12034
11809
11826
11830
12017
11931
12055
11960
11910
11901
12057
11742
11965
12059
12060
12059
11920
12070
12029
12045
12033
12078
11833
11850
12020
12059
11893
12061
12063
12054
12013
12065
12082
12075
12028
11952
12026
12021
12057
12061
12036
11934
11878
11875
12069
11746
11873
12007
11832
12060
12055
11946
12036
11980
12012
11844
12059
11923
12047
11705
12058
12068
11871
12060
11986
12037
12036
12026
12022
11931
12032
12060
11958
11609
12059
11962
12070
11837
11954
12023
12007
12035
12062
11971
11645
11938
12067
12054
12073
11836
12056
12082
12049
12051
11419
11992
11778
11847
12057
11996
12037
12058
11922
12045
12050
12037
11870
12056
12067
11952
11994
11812
11926
11960
11802
11845
11926
11968
12052
12041
11987
11947
11921
11722
11927
11836
11925
11999
11837
12062
12023
12069
12047
11686
12066
11490
12079
12079
11997
12068
12002
12061
11836
12018
12075
11923
12061
12035
11861
11976
12003
11719
12050
12049
12051
11625
11932
11991
12008
11839
12042
12080
12056
11789
12040
12061
11996
11877
11814
11896
11842
11990
12070
11962
12067
11962
11922
12016
12042
11880
12011
11863
12061
12051
11994
12007
12053
11767
11869
11805
12008
12041
11444
12061
12026
11978
11808
12057
11972
11963
12026
11753
12070
12024
12069
11959
11823
11860
11570
11789
11421
12040
11918
11901
12053
12054
12015
12059
11781
11993
11965
12074
12068
11995
11997
12081
12049
11502
11829
12047
11967
12061
12042
11911
12003
12081
12057
11964
12064
11851
11427
12062
12035
12031
12053
12058
12052
12025
12054
12067
11998
11997
11600
11859
11821
12063
11969
12042
11826
11419
11734
11957
12064
12034
12052
11875
12056
11977
11883
12027
12015
12071
12054
12052
12060
11888
12070
11913
11917
12062
11595
11952
11796
11922
12071
11424
11893
12008
12042
11810
11862
12043
11994
11607
11810
12041
12022
12068
11928
11831
11807
11863
12058
12013
11981
11417
11996
11934
11962
11921
12006
12081
12055
11998
12021
11905
11891
11899
12077
11993
12055
11939
12046
12072
12015
12058
12060
12017
12074
11792
12058
12036
11745
12033
11932
11945
12054
12028
11985
11862
12010
12054
12048
12073
12066
11949
12049
11951
12032
12027
11996
11970
12047
12052
12008
12003
11883
11991
11919
12027
11925
11839
11884
11872
11878
11776
11991
11844
12052
11974
11990
12050
12063
11856
12046
11846
12054
12078
12065
11954
12027
12053
12038
12069
11952
12077
12043
11965
11934
11829
12074
12037
11845
12030
12054
12058
11904
12070
11830
12073
12069
11779
12021
12059
11837
12041
11808
11673
12060
11888
11972
12047
12007
12059
12017
11971
11973
12075
12056
12058
11991
12082
11969
12007
12010
12065
11756
12009
11588
11979
11980
11694
12068
11886
12041
11807
11983
12032
12039
12026
11969
12013
12060
12054
11730
11882
12078
12005
12009
11926
11754
12054
12013
12043
11995
11628
12055
12003
12056
12061
11639
11885
12068
12078
11911
12001
12041
11807
12028
12020
12070
12032
12072
11966
11945
12061
12015
11951
12050
12027
11962
12058
11999
11911
12053
12021
11767
12079
12049
12059
12057
11839
12077
11924
12058
11933
12037
12081
