ocp
12077
12087
11928
11949
12095
11945
11910
11559
12062
12057
11965
12064
12027
11804
11928
12039
11965
11926
11824
11982
12074
12043
12077
11831
12089
12063
12078
12076
12111
11964
12049
11974
12073
11884
12083
12000
12000
12031
11832
12078
12090
12074
12052
12007
11975
12015
12054
12088
12110
12104
12056
11973
11998
11910
12064
12035
12024
12102
11936
12058
11978
11831
12087
11986
11975
12050
12105
12036
11913
11976
11971
12064
12044
12108
12080
12064
11940
12004
11972
12036
12090
11628
11678
11973
12035
12020
11444
12068
11955
12028
12006
12107
12039
11623
12036
11912
12090
12065
11946
11977
12086
12086
12095
11443
12093
12093
12093
11786
12013
11991
12090
12066
12083
11749
11981
12012
12092
11996
12008
12002
11794
12094
12066
11924
12085
11916
12094
12106
12060
12017
11973
12077
11984
12026
12043
12082
12048
12062
12039
11981
12103
12053
12056
11983
12065
12032
12033
12074
11962
11974
12125
12076
12001
11911
11961
11850
11972
12084
12016
12027
12010
11898
12099
12011
11838
11716
12080
12088
12099
12053
11999
12032
11775
12013
12030
11849
11566
11708
12009
12068
12034
12090
11936
12078
12100
11811
12094
11969
12088
11968
12013
11997
11825
12009
12043
12082
12102
12104
11854
12033
11568
11985
11706
12053
11726
11900
11913
12089
12053
12073
12050
12083
12105
12005
11903
12113
12060
12045
12006
12091
12105
11957
12032
11992
11718
12045
12053
12105
12118
12100
12101
12097
11888
11980
12048
11924
12103
12065
12088
12098
11796
11946
12068
12043
12064
12009
11881
12035
11851
12041
11817
11944
12089
12085
11972
11962
12107
12055
12054
12086
11997
12102
11984
12030
11959
12094
11913
12030
12107
11789
12099
12117
11846
12100
12010
11744
12026
11875
11905
12021
12035
12064
12028
11895
12062
12080
12092
12015
11942
12022
11795
12066
11730
12082
12030
12114
11967
11815
11727
11959
12112
12058
12080
11959
11890
11859
12058
12000
11862
11991
12038
11932
11973
11956
12026
12029
12047
12078
12089
11821
11885
11973
12063
12099
12092
12026
12074
12097
11984
11967
12105
11969
12100
12033
11874
12075
11965
12072
12081
12025
12069
11984
12042
11954
12073
12092
11572
11926
12086
12079
12102
11976
12077
11731
12063
11848
11838
12092
12002
12052
12028
11966
12084
12071
11978
11443
11906
12085
12094
12096
12118
12078
11889
12096
11963
12111
12066
12004
12086
12027
12049
11959
11899
11960
11973
11809
12096
12069
12070
11986
12026
12041
12038
11982
11945
12092
12084
11871
12073
12093
12030
11958
12081
12044
12076
11937
12040
11892
12089
11981
11927
12097
12099
12094
12039
12009
12085
12076
12071
12104
11598
11808
12048
11877
11799
12103
12095
11938
11599
12062
11833
11957
12095
11967
12053
12056
11443
12020
12018
11989
12104
12089
12024
12065
11947
11906
12094
11939
12011
11890
12041
12017
12044
11756
12080
11951
12119
11928
11968
11889
11902
11864
11931
12045
12056
12042
11990
11837
11952
12066
11793
11980
12084
12079
11914
12117
12092
12103
11970
11828
12101
11728
12038
11746
12101
11938
12113
12084
12016
12099
12061
12104
11703
11446
12080
11803
12046
12081
12028
11916
12083
11917
11931
12081
12057
12010
12092
11882
12083
12071
12042
11977
12060
11974
11799
11902
11948
12073
12094
12013
12037
12041
11747
12084
11942
12034
11978
11653
12097
11931
11691
11988
11850
12076
11972
12107
12012
12070
12008
12044
12058
12091
11847
11902
12095
11915
12000
11838
12023
12081
11990
12108
11991
11943
11918
12000
11952
12108
12062
11518
11786
11927
12084
11991
11993
12106
12092
12074
12001
12060
11942
12077
12089
12080
12082
12074
12000
12025
12065
12084
12058
12019
12091
11799
11998
12041
11994
12075
12090
11909
11962
12070
11966
11982
12092
12001
11925
11903
11936
12089
11873
12082
12110
11834
12076
12103
12086
11872
12106
11959
11959
12131
12105
12086
12015
11826
11561
11810
12107
12027
12038
12014
11858
12096
12070
12069
12057
12095
12085
12044
12074
11936
12032
11948
11966
12010
12104
11861
12037
12100
12104
12115
12118
12109
11988
11876
12027
11789
12102
12073
11865
12029
12031
12084
12008
12062
12069
11855
11833
12058
12046
11732
11718
12097
11851
11714
12075
11963
12033
12012
11854
11966
12009
12102
11769
12034
11729
12091
12086
12068
12039
12089
12060
12013
11975
12089
11737
11627
12039
11960
12071
12108
12047
11892
12077
12029
12099
12094
12066
12077
11898
11833
12086
12088
12063
12036
12006
11912
11987
11981
12066
11983
12080
12120
11886
12099
12062
11977
11981
11699
12108
11719
12077
12098
12038
12077
11904
11915
12007
11912
12072
11967
11933
12106
12015
12054
11926
12100
12083
12006
12041
11690
11967
11886
11801
12096
12045
12102
11970
12090
11921
12043
12085
12054
12095
11899
11891
12076
11962
12071
12028
12012
11967
12086
12114
12063
12078
11578
12098
11946
11942
12055
11968
12043
11791
11682
12095
12075
12068
12085
12055
12075
11925
12094
11879
11901
12107
12069
12057
12076
12000
11777
11979
11443
11932
12053
12099
12105
12107
12030
11966
12043
11445
12090
12107
11968
12101
12071
11987
12058
11793
11680
12039
12075
12092
11442
11958
11903
11743
12093
11901
11899
12010
11776
12070
12048
12056
12043
12079
12115
12061
12041
12084
11837
12045
11874
12062
12041
11933
11953
11827
11859
11912
12029
12107
12070
12066
12070
11572
11813
12091
12102
11955
12043
11960
12109
12014
11733
11858
11876
12016
11933
12035
11778
12085
12036
11786
12048
12051
12044
12048
11578
11998
11976
12088
12107
12044
12013
12041
12056
12031
12083
11988
12076
12129
11976
11445
12092
12053
12095
12096
12023
12037
12090
12004
11965
11784
12020
12107
12094
12073
12016
12079
12038
12057
11965
11917
12083
11909
11886
12068
11674
12050
12086
11727
12007
12012
11766
12083
12003
12052
11958
12114
12101
11442
12100
11815
12053
12067
11533
12064
12024
11883
11908
12076
11920
11881
11785
11785
12071
11860
11935
12115
11896
11743
12095
11918
11969
12061
11904
12074
12067
12084
12062
12101
12086
12098
11719
12010
12102
11857
11992
12092
12081
12073
11994
12046
12077
12104
11931
11924
11867
11981
11444
12104
12118
12099
11997
12026
11565
11924
11847
11900
12051
12020
12084
11899
11974
11906
11909
12096
12035
12020
11900
12055
12104
12036
12090
12081
12096
