12041.58
11965.92
11990.83
11980.42
12007.08
12030.33
11937.92
11940.08
12049.67
11992.17
11980.25
12063.17
11988.42
11983.33
12063.08
12005
12024.58
12024.92
11926.08
12021.92
11969.5
11947.58
11995.92
12023.83
12036.92
11975.17
12046.83
12036.42
12000.42
12009.92
11990.25
11979.67
11963.33
11988.83
11981.17
12043.58
11995.08
12047.58
12004.42
12066
11979.42
12021.25
11984.67
12004.33
11956.25
11960.33
11999.5
11972.42
11984.58
11996.17
12016.33
11928.75
12004.25
11994.33
11988.5
12008.75
12046.25
11964.58
12017.08
12016.08
11972.92
11944.58
12070.75
11964
12005.5
11968.08
12045.33
12011.08
12013.75
11984.67
12049.67
11999.42
12004.25
11999.17
12054.42
12031.33
12008.75
12033.25
11951.5
11974.75
12003.42
12023.67
12022.83
11963.25
11972.08
12031.33
11949
12021.58
12041.58
12003.25
12018.83
11893.33
12017
11965.42
12066.33
11974.42
12032.83
12002.75
11957.5
12014.92
11955.83
12027
11976.75
11928
11945.17
12023.5
12048.17
12038.58
12014.67
12043.42
12021.58
12054
11987
11985.42
12049.08
12008.5
11987.92
12020.5
12006.25
11995.67
11992.25
12029.92
12010.83
12013.25
12020.42
11989.42
12030.83
12028.92
11964.92
11993.67
12032.75
11995.58
11909.5
11991.25
11894.67
12038
12042.83
12018.83
12016.92
12024.83
12050.92
11992.75
11988.83
11990.67
12051.5
12009.75
12006.5
12030.92
12022.67
11990.67
12022.5
11996.25
12018.5
11971.42
12009.25
12021.25
12000.75
11933.08
12051.92
11985.83
11964
12013.08
11972
11980.5
11962.67
11954.42
12008.5
12030.42
12015.92
11990.83
12024.83
12033.42
11980.42
12008.75
12036.08
12025.92
11980.25
12000.33
12058.58
12055.25
11986.92
12023.42
12040.17
11978.25
12022.08
11975.83
11974
12035.42
12007.42
12036.83
12009.67
12025
11996.33
11933.75
11977.67
12013.25
12047.33
11976.17
12048.08
11996.75
11987.67
12017.33
11988
12029
12004.17
11980.08
12048.08
12010.67
11944.08
12026.83
12032.33
12065.08
11970.25
11921.17
12045.67
12021
12045.83
12082.75
12005.92
12000.58
12043.75
12001.25
12026.58
12015.33
12007.5
11974.42
12016.58
12037.5
12020.25
12035.83
11998.83
11992
12030.75
11988.83
11985
11975.5
11926.08
11955.33
11957.83
11976.58
11982.08
11970.33
12035.08
11986.08
12021.75
12047.92
12016.25
11974.25
12033.67
12045.08
11972
12022
12023.67
12009.67
12032.92
12020
11968.75
12029.92
11965.67
12031.08
11998.83
12023.58
12017.83
11981.58
12015
12025.08
11986.5
12032.58
12010.17
12045.5
11999.75
12069.58
12027.92
12003.92
11961.83
11927.75
12033
12003.92
11994.25
12011.25
11978.25
12034.17
11998.25
12015.25
12015.83
11985.42
12046.83
12024.17
12018.83
11936.17
12003.42
11943.58
11966.5
11990.33
11999.5
12048.75
11998.42
12024.5
11999
12020.42
12034.5
11977
12022.92
11981
12029.92
12000.17
12031.08
11998
11999.25
11998.08
12023.75
11878.58
12019.33
11978
12021.92
12042.42
12005.83
12038.25
12029.33
11975.25
12018.33
11987.5
12052.67
12040.75
11988.75
12034
11931.08
12014.42
11997.33
12014.75
11975
11933.58
12034.42
12055.17
11971.17
12007.58
11956.08
12037.58
11995.75
12014.67
12006
12044.58
12015.25
11990.92
12014.67
11964.83
12003.17
12012.67
12036.5
11935.83
12042
12021.42
12047.67
11950.42
12051.42
11986.67
12004
11916.33
12033.33
12010.33
11970.5
12028.92
12039.42
11986.67
11991.58
11965.83
11969.5
11982.58
11971.75
12029.67
12046
11991.33
12003.67
11992.08
11983.5
11980
12032.33
11994
12037.67
12004.58
12047.67
12028.25
12036.75
12031
12000
11991.42
11840.67
11981.92
12044
12006.08
12012.25
12035.67
12060.92
12061.83
11925.25
12037.67
12008.33
12031.17
11961
12002.5
12000.67
11996.42
11997.33
12033.25
11981.42
12009.83
12040.75
12025.83
12001.25
12049.67
12043.92
12009.25
12003.92
12012.83
11971.33
11996.5
12019.58
12001.08
12048.83
11983.25
12003.67
12033.67
12006.33
12014.42
12013.75
11967.58
12020.67
12000.67
11945.08
12045
12008.42
12049.42
11981.33
11970.58
12040.75
11988.58
11953.58
12021.08
12014.17
12005.33
12014.92
11998.42
12015.92
12022.58
12033.67
12001.5
12012.58
12045.08
12010.92
12029.83
12035.33
12054.25
12017.92
11997
11964.42
11981.42
12047.5
11999.75
11978.33
12028.92
11969.17
11961.67
11992.75
12036.08
12053
12031.75
12025.33
12049.25
11981.25
12057.83
11983.08
12012
11939.58
12000.67
12047.67
12010.25
12045.17
12048
12002.17
11996.17
12002.83
11936.42
12047.5
11980.75
12001.92
12019.33
12012.25
12029.75
11991.92
11950.75
12073.08
11976
11996.42
11963.75
11960.67
11985.25
12058
12005.92
12013.17
12007.42
12039.33
11946.75
11996.67
12014.58
12027.25
11962.42
12033.67
12043.42
11958.75
11988.67
11997.67
12039.42
12037.58
12046.42
11941.58
11955.33
12019.5
12036.17
12022
12021.67
12048.58
12037.25
11946.25
12007.17
12002.67
11999.25
11954.5
11957.92
12029.92
11976.25
11948.42
12028.92
12021.83
12003.92
12028.5
12041
11919.83
12015.08
11986.58
12015.42
12053.58
11997
12038.58
12007.83
12021.08
11982.25
11976
12017.17
12038.17
11979.5
12026.42
11986.33
12033.5
12010.83
11997.67
12016.42
12035.33
12016.83
11972.92
11936.75
12015.83
11938
12043.83
11980.92
12010.25
11982.17
12036.08
12003.25
12013.33
12030.08
12013.33
11981.75
12005.17
12020.42
12019.17
12076.17
12009.42
11979.75
11987.33
12024
12006.75
12007.42
12022.58
12054.17
12070.17
11923.25
12021.92
12058.33
12071.92
12023.75
12016.17
12048.92
11911
12021.42
11939.5
11984.58
11990.5
12028.25
11970.83
12008.5
11995.58
12046.5
11984.58
12006.17
12017.42
12040.42
12061.67
12040.42
12034.25
11997.75
12035.33
12001.08
12020.08
12050.58
12002.67
12006.42
11967.58
11975.42
11988.42
12047.75
11978.17
12031.83
12000.5
12018.17
12037.58
12030.42
12003.92
12023.75
11962.25
12029.5
12020.25
12069.5
12025.67
12005.67
12012
11874.5
12020.92
12041.75
12069.42
12052.58
12025.75
12042.58
12022
12056
12026.75
12027.67
11997.67
12048.08
12036.25
12013.83
11966.83
12015.08
12042.67
12012.67
12014.67
11988.75
11967.75
12035.58
12023.08
12017.08
11999
12010.42
12013.25
11962.5
11909.67
12025.33
12029.67
12034.92
11985.17
12014.08
12002.08
12024
12019.58
12027.42
11872.83
12001.58
12030.42
12033.17
12031.67
12015.42
12005.25
12020
12043.58
12040.92
12006.17
12026.75
11966.5
11983.83
12025.67
12028.83
12011.42
11981.67
11996
11993.5
12043.08
11944.17
12054.83
12034
12021.92
12072.25
11961.33
12026
12036.92
12051.42
12066.17
12006
11926.08
11957.83
11986.42
12026.75
12047
12031.33
12016.83
12024.08
12034.5
12011.33
12022
11957.08
12038.5
11952.33
11997.5
11970.67
11993
11996.17
12000.17
12030
12040.92
11979.58
11908.08
12034.75
12044.5
12030.33
11943.25
12019.42
12017.58
11959.75
12029
12060.67
12042.42
12032.17
12006.92
12025.58
12000.58
12024.83
12004.5
11967.58
12023.33
12078.58
12011.33
12019.17
11991.83
12051.67
11939.67
11989.75
11961.58
12033.92
11937.25
12030.5
12042.25
11993.58
12042.5
11985.75
11970.5
11936.42
12026.83
12019.58
12043.83
12023.67
12052.5
12016.08
12013.83
12043.5
12018.25
11999.83
12014.92
11960.75
12019
11966.5
12021.08
11982.58
11991.33
12077.92
12047.25
11940.92
12045.75
12022.08
12016.58
12034.83
12002.75
12022.75
12017.92
12006.17
12024.17
11975.17
12027.92
12038.08
12050.75
12046.25
12062.25
11993.42
12004.83
12048.08
11918.25
11961.08
12007.83
12044.5
12013.17
12001.58
11999.67
11984.42
11950.83
11911.08
12030.25
12037.42
12008.75
11983.58
11972.17
12033.42
11984.5
12031.08
12002.67
11999.92
12024.33
12004.25
12027.25
12048.42
12049.08
11997.5
12017
11968.08
12034
11997.67
12008.42
11950.5
12024
11983
11993.17
11997.92
12059.83
12051
12057.17
12020.17
12017.83
11910
12063.92
12100.83
12007.17
12030.5
11998.75
11999.42
12075.83
12056.17
11967.08
11978
11983
12017.83
11994.25
11886.08
11998.25
11917.25
11980.75
11980.83
11982.58
11971.92
12067.08
11984.33
12008
12047.75
12047.5
11945.92
11975.67
11981.17
11974.08
12021
11991.08
12058.75
11992.25
12020.33
11886.33
11945.33
12083.33
12028.5
12030.08
12069.33
12055.92
12016.08
11952.25
11980.75
11930.83
11981
12018.92
12003.17
12036.58
12056.58
11954.25
12041.25
11965.17
12000.58
12041.92
11973.5
12032.33
11954.67
12029.67
12033.5
12000
11988.5
12054
12007.5
12018
12027.17
11989.42
11953.08
12014.5
11982.83
11964.08
12009.08
11961.67
11976.08
12038.42
11992.08
12011.92
11974.75
12022.25
12035.17
11950.83
11998.5
11966.33
12044.33
11976.5
12021
11994.92
12039.25
12052.17
12022.92
12046.67
11956.92
11995
12049.08
11967.17
11999.58
12027.33
11993.25
12044.67
11985.67
11959
11980.83
11996.58
11988.08
12003.33
11997.75
12009.92
11957.83
12022.25
12027.67
12015
11977
11996.83
11978.08
11947.33
12044.08
12024.25
11998.92
12044.75
12037.5
11971.33
11939.17
12002.08
12042.92
11964.17
12043
12030.58
12017.25
11974.67
12006.92
12006.92
12049.25
12030.83
11994.58
12007.42
12015.25
12048.25
11866
12033.75
12004.33
11993.17
12023.08
12044.33
11922.42
12003.5
12001.83
11995.5
12038.17
11988.75
11945.67
12008.42
11956.58
12025
11986.42
12012.92
12077.33
