ocp
12690
12700
12701
12698
12692
12679
12681
12690
12696
12700
12680
12700
12682
12701
12682
12698
12690
12699
12680
12700
12699
12699
12692
12699
12700
12690
12679
12690
12700
12691
12698
12700
12699
12686
12699
12698
12698
12700
12692
12701
12680
12696
12698
12699
12686
12691
12690
12699
12687
12687
12700
12699
12690
12700
12689
12697
12683
12679
12698
12679
12690
12687
12701
12679
12688
12680
12681
12689
12692
12700
12698
12698
12691
12700
12696
12698
12699
12692
12685
12690
12699
12698
12679
12699
12689
12680
12700
12684
12698
12697
12699
12680
12697
12696
12687
12696
12680
12691
12678
12684
12698
12698
12690
12685
12698
12691
12681
12690
12679
12685
12697
12692
12699
12691
12698
12700
12698
12699
12699
12700
12699
12692
12697
12701
12690
12699
12690
12695
12693
12699
12699
12700
12690
12700
12685
12699
12685
12683
12679
12699
12691
12680
12699
12684
12693
12693
12698
12681
12699
12699
12681
12681
12697
12684
12698
12682
12691
12696
12691
12700
12699
12686
12691
12700
12680
12690
12686
12680
12685
12699
12700
12700
12692
12698
12698
12699
12698
12679
12698
12697
12690
12697
12697
12683
12682
12699
12679
12682
12697
12697
12680
12681
12686
12700
12691
12696
12689
12696
12700
12688
12692
12689
12682
12691
12699
12692
12700
12698
12691
12692
12698
12681
12690
12700
12693
12700
12697
12679
12697
12692
12685
12698
12680
12697
12691
12698
12690
12698
12699
12694
12691
12700
12688
12699
12683
12698
12698
12697
12685
12698
12685
12683
12679
12689
12679
12697
12700
12695
12700
12685
12697
12699
12681
12679
12700
12693
12700
12699
12700
12697
12698
12699
12698
12700
12699
12684
12700
12697
12697
12685
12700
12681
12697
12696
12692
12699
12699
12679
12693
12686
12698
12700
12697
12690
12679
12697
12702
12685
12697
12685
12695
12680
12686
12699
12697
12699
12691
12683
12684
12700
12691
12686
12698
12679
12684
12680
12701
12678
12682
12699
12698
12688
12700
12697
12698
12698
12680
12699
12697
12699
12688
12701
12700
12699
12698
12700
12682
12699
12693
12699
12697
12699
12700
12683
12700
12697
12692
12700
12699
12693
12698
12699
12679
12692
12699
12680
12700
12698
12695
12682
12698
12691
12691
12680
12691
12697
12699
12680
12695
12684
12689
12692
12690
12700
12699
12699
12692
12690
12700
12692
12699
12690
12683
12701
12698
12689
12691
12698
12699
12691
12698
12679
12683
12700
12699
12694
12699
12698
12685
12699
12699
12683
12699
12682
12700
12699
12698
12699
12684
12682
12701
12687
12699
12680
12700
12700
12698
12700
12698
12699
12689
12691
12697
12686
12678
12696
12689
12699
12692
12692
12699
12700
12695
12698
12685
12684
12688
12699
12698
12700
12698
12700
12692
12699
12694
12692
12682
12699
12697
12696
12680
12700
12700
12699
12685
12700
12696
12685
12698
12698
12701
12698
12698
12685
12692
12688
12683
12699
12691
12684
12699
12696
12686
12685
12697
12697
12699
12686
12699
12697
12685
12679
12700
12680
12692
12700
12690
12696
12680
12699
12700
12700
12683
12698
12693
12689
12700
12689
12699
12680
12692
12697
12691
12692
12691
12699
12700
12680
12697
12700
12690
12697
12699
12690
12699
12680
12700
12680
12699
12699
12695
12685
12700
12700
12701
12680
12684
12691
12693
12699
12693
12690
12680
12700
12681
12688
12693
12690
12686
12696
12683
12700
12699
12696
12683
12697
12698
12678
12699
12700
12700
12699
12690
12698
12686
12700
12683
12699
12699
12700
12695
12699
12699
12678
12699
12683
12690
12700
12696
12690
12699
12686
12700
12699
12700
12699
12701
12693
12700
12682
12697
12698
12686
12699
12680
12698
12700
12685
12699
12701
12698
12700
12699
12680
12679
12685
12679
12696
12697
12694
12684
12679
12699
12692
12684
12684
12701
12694
12685
12698
12683
12681
12701
12698
12700
12700
12697
12699
12689
12683
12698
12689
12700
12700
12699
12692
12699
12686
12679
12699
12698
12689
12680
12680
12692
12698
12698
12692
12697
12697
12699
12697
12700
12680
12680
12693
12699
12679
12700
12698
12683
12698
12701
12700
12693
12684
12700
12699
12690
12691
12699
12700
12699
12694
12692
12691
12699
12688
12678
12701
12697
12689
12699
12698
12680
12681
12698
12692
12690
12697
12691
12699
12699
12698
12699
12700
12700
12700
12700
12699
12699
12679
12697
12698
12698
12688
12689
12700
12698
12699
12690
12699
12679
12701
12698
12681
12694
12691
12690
12698
12692
12682
12693
12685
12690
12689
12701
12681
12691
12699
12699
12700
12680
12699
12684
12700
12693
12679
12697
12685
12697
12699
12699
12698
12682
12692
12681
12685
12684
12700
12692
12684
12699
12686
12696
12696
12685
12690
12698
12698
12689
12680
12690
12700
12700
12686
12680
12680
12697
12700
12700
12699
12693
12680
12700
12698
12699
12699
12700
12685
12699
12685
12685
12700
12685
12700
12700
12691
12687
12698
12693
12690
12692
12683
12699
12700
12685
12681
12698
12700
12699
12699
12699
12695
12700
12692
12698
12679
12690
12692
12699
12692
12691
12683
12690
12698
12690
12699
12685
12698
12696
12690
12701
12685
12697
12693
12699
12697
12684
12680
12700
12700
12698
12701
12691
12682
12699
12685
12691
12680
12699
12696
12698
12685
12679
12690
12699
12698
12692
12684
12691
12700
12681
12700
12692
12695
12682
12699
12691
12679
12686
12699
12699
12686
12699
12690
12679
12689
12682
12691
12695
12698
12684
12697
12690
12699
12690
12689
12699
12698
12698
12699
12686
12697
12700
12697
12696
12701
12701
12685
12683
12680
12699
12678
12692
12692
12699
12679
12701
12686
12678
12682
12689
12688
12689
12691
12691
12701
12699
12691
12697
12679
12699
12679
12687
12695
12696
12699
12697
12690
12699
12700
12689
12694
12693
12682
12679
12684
12693
12700
12690
12683
12700
12692
12699
12697
12699
12686
12698
12682
12680
12685
12690
12699
12700
12699
12699
12697
12698
12681
12701
12698
12700
12688
12678
12681
12696
12699
12686
12691
12698
12682
12698
12692
12692
12686
12679
12692
12679
12699
12693
12694
12701
12679
12698
12697
12699
12701
12698
12698
12691
12690
12679
12700
12700
12690
12686
12700
12691
12686
12685
12678
12680
12683
12700
12701
12698
12684
12699
12699
12698
12699
12699
12682
12700
12693
12699
12700
12700
12697
12686
12690
12699
12698
12699
12686
12692
12692
12699
12690
