ocp
12648
12649
12646
12640
12644
12652
12646
12645
12660
12642
12649
12645
12659
12658
12642
12643
12647
12648
12645
12648
12660
12644
12643
12641
12648
12651
12652
12648
12643
12647
12644
12646
12642
12647
12644
12650
12652
12649
12644
12659
12642
12644
12641
12648
12661
12644
12642
12643
12647
12641
12644
12642
12643
12644
12642
12646
12640
12654
12645
12642
12641
12660
12652
12643
12650
12646
12648
12646
12642
12641
12643
12646
12648
12646
12647
12644
12646
12644
12658
12644
12645
12642
12641
12644
12642
12658
12642
12644
12641
12657
12661
12653
12641
12646
12646
12657
12646
12646
12644
12648
12644
12657
12656
12648
12645
12641
12642
12652
12661
12650
12642
12649
12645
12642
12647
12642
12656
12647
12653
12641
12641
12641
12642
12654
12644
12641
12644
12649
12658
12648
12649
12647
12646
12660
12651
12645
12652
12651
12648
12658
12643
12643
12644
12645
12645
12643
12648
12648
12648
12647
12658
12648
12647
12649
12662
12644
12645
12644
12645
12652
12653
12647
12646
12640
12644
12645
12646
12645
12643
12644
12642
12643
12648
12643
12645
12640
12647
12652
12644
12650
12650
12648
12649
12646
12650
12643
12642
12647
12642
12648
12657
12642
12644
12647
12646
12646
12649
12646
12643
12658
12646
12659
12648
12641
12648
12642
12641
12642
12647
12643
12642
12644
12644
12647
12646
12644
12648
12643
12649
12652
12660
12641
12644
12661
12650
12642
12642
12644
12658
12646
12648
12647
12648
12641
12643
12657
12657
12648
12642
12647
12660
12660
12644
12646
12641
12642
12648
12641
12649
12643
12648
12640
12646
12645
12650
12644
12643
12645
12643
12648
12642
12652
12642
12643
12649
12644
12647
12640
12646
12650
12643
12659
12646
12648
12641
12651
12654
12649
12648
12644
12645
12644
12644
12649
12652
12652
12649
12654
12652
12641
12643
12658
12648
12643
12659
12646
12648
12647
12650
12651
12649
12646
12642
12647
12648
12644
12641
12641
12643
12652
12659
12641
12640
12647
12658
12657
12641
12649
12646
12642
12641
12640
12646
12657
12642
12641
12641
12660
12660
12647
12642
12648
12649
12643
12648
12644
12640
12641
12648
12648
12647
12642
12644
12642
12642
12644
12650
12641
12643
12646
12660
12644
12648
12658
12641
12641
12644
12652
12646
12646
12643
12642
12645
12648
12642
12650
12650
12659
12652
12655
12644
12643
12645
12643
12648
12647
12644
12645
12643
12640
12640
12649
12644
12641
12649
12645
12659
12642
12660
12650
12649
12642
12642
12643
12651
12646
12661
12642
12645
12643
12641
12643
12641
12641
12646
12648
12643
12660
12643
12657
12642
12649
12643
12644
12648
12651
12646
12641
12648
12649
12642
12644
12642
12649
12647
12660
12644
12646
12644
12642
12649
12648
12642
12641
12644
12647
12642
12649
12640
12657
12647
12644
12650
12642
12646
12654
12646
12643
12652
12644
12647
12648
12641
12645
12649
12650
12641
12650
12648
12643
12642
12641
12658
12659
12643
12646
12642
12645
12659
12648
12642
12648
12640
12644
12643
12642
12640
12644
12642
12648
12648
12647
12647
12647
12642
12657
12647
12640
12648
12646
12644
12643
12642
12641
12640
12659
12659
12642
12646
12658
12642
12645
12642
12641
12640
12649
12647
12655
12646
12658
12643
12642
12648
12643
12642
12647
12646
12649
12647
12661
12652
12653
12646
12647
12643
12661
12649
12641
12648
12650
12642
12646
12645
12645
12642
12648
12660
12647
12641
12644
12643
12657
12641
12647
12649
12649
12640
12643
12642
12654
12650
12658
12644
12645
12660
12642
12660
12648
12644
12647
12643
12648
12644
12660
12645
12645
12644
12642
12657
12659
12649
12648
12644
12659
12646
12647
12647
12655
12643
12645
12647
12660
12652
12644
12649
12645
12643
12645
12643
12652
12644
12645
12643
12641
12647
12644
12649
12643
12644
12660
12643
12645
12643
12657
12642
12643
12641
12640
12648
12644
12649
12640
12645
12643
12649
12641
12641
12649
12643
12650
12641
12644
12645
12640
12643
12641
12658
12646
12644
12644
12645
12649
12641
12640
12643
12648
12643
12643
12647
12646
12642
12641
12649
12648
12657
12642
12647
12642
12644
12648
12640
12647
12648
12647
12645
12642
12641
12650
12648
12642
12647
12659
12643
12642
12648
12647
12642
12642
12647
12642
12647
12646
12644
12652
12641
12660
12642
12641
12642
12649
12647
12642
12645
12652
12642
12651
12641
12648
12657
12647
12646
12648
12648
12642
12642
12646
12648
12649
12647
12641
12644
12649
12652
12647
12641
12648
12651
12650
12648
12661
12659
12647
12641
12660
12652
12647
12643
12644
12646
12643
12658
12658
12648
12652
12642
12642
12640
12642
12642
12642
12646
12644
12648
12650
12642
12648
12644
12641
12643
12645
12639
12647
12646
12645
12644
12647
12640
12641
12645
12654
12646
12649
12645
12646
12646
12641
12646
12644
12644
12640
12642
12646
12649
12644
12647
12644
12642
12642
12641
12643
12642
12649
12643
12647
12646
12649
12659
12648
12643
12642
12641
12647
12648
12650
12648
12648
12658
12661
12652
12644
12641
12642
12642
12651
12651
12645
12646
12641
12644
12646
12649
12647
12640
12659
12661
12648
12648
12660
12648
12658
12657
12643
12641
12646
12648
12642
12648
12643
12646
12654
12642
12647
12646
12648
12646
12648
12645
12648
12643
12646
12649
12645
12641
12640
12643
12649
12648
12641
12650
12648
12656
12645
12648
12650
12644
12650
12642
12650
12648
12658
12648
12652
12643
12645
12641
12646
12643
12644
12641
12660
12645
12656
12644
12660
12641
12652
12647
12648
12643
12643
12646
12643
12643
12649
12642
12649
12642
12660
12660
12639
12641
12660
12648
12642
12644
12645
12642
12648
12659
12646
12642
12646
12644
12645
12646
12648
12646
12644
12643
12660
12648
12643
12647
12647
12640
12647
12647
12649
12642
12641
12647
12643
12644
12661
12648
12650
12640
12644
12642
12643
12651
12658
12646
12647
12647
12650
12644
12642
12645
12649
12659
12641
12641
12641
12649
12661
12655
12645
12643
12646
12647
12645
12645
12657
12650
12644
12648
12645
12642
12645
12646
12660
12642
12658
12642
12661
12650
12660
12660
12648
12648
12644
12642
12652
12642
12646
12641
12647
12643
12661
12646
12647
12647
12646
12644
12645
12648
12647
12641
12647
12646
12659
12644
12644
12648
12647
12648
12646
12640
12658
12649
12649
12648
12660
12642
12647
12644
12644
12642
12644
