ocp
12710
12725
12712
12711
12707
12706
12709
12717
12709
12718
12707
12707
12708
12714
12712
12717
12704
12718
12717
12712
12708
12712
12713
12709
12709
12716
12707
12707
12707
12714
12709
12707
12730
12703
12705
12705
12719
12705
12713
12708
12715
12707
12719
12714
12710
12706
12729
12713
12714
12712
12708
12703
12717
12706
12712
12712
12712
12715
12707
12712
12709
12712
12719
12712
12706
12706
12715
12733
12710
12708
12707
12712
12707
12708
12707
12706
12706
12705
12712
12718
12703
12727
12712
12727
12716
12705
12719
12703
12712
12713
12705
12707
12717
12711
12712
12713
12712
12715
12709
12713
12732
12717
12707
12707
12718
12712
12706
12716
12705
12731
12709
12709
12703
12708
12712
12711
12714
12712
12708
12711
12710
12717
12716
12708
12716
12706
12710
12714
12711
12710
12719
12706
12711
12710
12721
12714
12706
12719
12707
12707
12713
12717
12716
12708
12703
12707
12706
12720
12705
12734
12709
12729
12716
12707
12706
12712
12704
12707
12713
12712
12722
12708
12725
12705
12713
12714
12704
12705
12709
12706
12713
12713
12710
12705
12713
12728
12710
12711
12709
12706
12709
12710
12705
12719
12706
12712
12712
12719
12708
12707
12706
12705
12705
12714
12710
12716
12716
12710
12705
12707
12712
12709
12706
12712
12733
12712
12710
12708
12704
12710
12703
12713
12707
12702
12707
12706
12713
12712
12727
12718
12705
12709
12706
12714
12722
12708
12707
12711
12715
12724
12712
12714
12733
12717
12708
12707
12713
12705
12712
12712
12712
12709
12709
12711
12713
12707
12718
12726
12709
12712
12704
12725
12710
12708
12706
12716
12714
12705
12729
12710
12720
12709
12709
12723
12706
12733
12718
12706
12707
12712
12706
12713
12718
12724
12712
12715
12707
12708
12717
12712
12713
12712
12711
12728
12709
12718
12709
12707
12704
12709
12706
12707
12710
12728
12707
12709
12706
12713
12708
12716
12728
12710
12712
12708
12708
12722
12709
12712
12713
12706
12711
12709
12715
12714
12706
12713
12712
12712
12707
12707
12708
12730
12714
12733
12714
12710
12731
12709
12707
12723
12729
12710
12710
12703
12708
12713
12705
12707
12711
12713
12713
12703
12728
12712
12705
12715
12711
12712
12703
12709
12703
12710
12706
12732
12722
12710
12707
12709
12706
12706
12732
12729
12710
12721
12732
12706
12728
12711
12710
12705
12719
12708
12710
12714
12711
12706
12711
12706
12706
12706
12706
12706
12705
12718
12706
12714
12709
12716
12703
12713
12731
12707
12709
12706
12730
12733
12710
12707
12716
12709
12713
12707
12722
12712
12703
12712
12709
12711
12712
12711
12705
12706
12713
12712
12707
12729
12732
12718
12706
12706
12716
12712
12706
12714
12720
12706
12710
12706
12712
12710
12710
12709
12716
12709
12713
12711
12707
12708
12706
12719
12706
12711
12707
12713
12709
12708
12717
12706
12706
12713
12733
12710
12707
12714
12705
12713
12703
12706
12703
12706
12709
12707
12731
12708
12706
12705
12707
12712
12705
12710
12712
12705
12729
12708
12707
12711
12709
12733
12711
12728
12708
12733
12724
12709
12718
12707
12709
12710
12714
12705
12706
12705
12730
12708
12713
12713
12706
12707
12706
12713
12729
12710
12706
12706
12710
12712
12712
12732
12718
12709
12729
12724
12714
12715
12720
12732
12710
12713
12720
12707
12711
12708
12708
12703
12707
12706
12717
12706
12713
12713
12705
12707
12705
12728
12704
12712
12732
12710
12708
12712
12733
12724
12705
12710
12706
12718
12708
12713
12727
12713
12708
12707
12713
12711
12707
12706
12709
12705
12709
12705
12714
12717
12705
12706
12706
12719
12708
12714
12713
12713
12708
12710
12728
12706
12705
12716
12713
12707
12705
12710
12708
12709
12715
12703
12707
12708
12707
12712
12712
12717
12707
12712
12720
12714
12706
12706
12709
12710
12729
12711
12716
12716
12710
12707
12705
12716
12711
12712
12734
12707
12712
12714
12712
12732
12712
12728
12709
12708
12709
12706
12709
12716
12704
12709
12712
12712
12714
12706
12706
12707
12710
12709
12706
12734
12710
12705
12704
12706
12709
12709
12712
12708
12725
12714
12734
12729
12709
12707
12706
12705
12713
12706
12707
12728
12712
12710
12714
12712
12713
12707
12708
12713
12704
12708
12710
12711
12716
12711
12714
12721
12709
12716
12712
12707
12707
12719
12716
12707
12718
12724
12709
12711
12709
12706
12705
12713
12726
12706
12709
12705
12706
12707
12709
12709
12704
12713
12709
12710
12707
12707
12713
12705
12714
12707
12707
12704
12730
12712
12713
12716
12712
12711
12732
12713
12706
12712
12707
12712
12704
12733
12713
12704
12706
12711
12705
12713
12707
12717
12703
12717
12729
12703
12705
12714
12707
12709
12710
12704
12710
12709
12717
12706
12705
12707
12708
12711
12714
12706
12732
12712
12712
12708
12707
12712
12718
12715
12709
12710
12717
12710
12705
12714
12712
12708
12719
12709
12716
12711
12714
12707
12713
12706
12717
12713
12712
12724
12712
12714
12709
12707
12710
12712
12709
12713
12714
12710
12709
12709
12711
12706
12710
12717
12708
12708
12708
12710
12727
12714
12727
12713
12713
12727
12713
12706
12729
12714
12706
12717
12706
12709
12713
12710
12712
12705
12712
12730
12707
12706
12718
12712
12711
12713
12708
12707
12727
12711
12711
12727
12707
12712
12712
12714
12714
12709
12706
12713
12709
12712
12727
12731
12705
12712
12709
12715
12707
12706
12712
12709
12709
12709
12728
12709
12714
12719
12703
12707
12706
12711
12719
12709
12706
12712
12706
12709
12712
12703
12712
12706
12728
12719
12706
12717
12727
12712
12712
12706
12712
12706
12711
12707
12716
12706
12707
12733
12724
12713
12708
12708
12706
12725
12703
12734
12728
12707
12727
12725
12712
12712
12709
12707
12704
12728
12716
12734
12703
12714
12704
12712
12706
12705
12714
12713
12708
12705
12719
12707
12720
12720
12712
12703
12708
12706
12717
12713
12724
12710
12709
12714
12705
12710
12706
12707
12723
12707
12709
12712
12709
12714
12706
12712
12723
12709
12713
12705
12723
12713
12702
12709
12707
12706
12708
12707
12720
12710
12718
12702
12704
12715
12710
12711
12717
12714
12707
12708
12710
12708
12732
12713
12713
12711
12706
12706
12713
12720
12724
12705
12712
12732
12712
12705
12707
12713
12712
12713
12708
12713
12710
12708
12704
12708
12706
12714
12709
12729
12705
12703
12708
12709
12706
12707
