ocp
12621
12615
12630
12614
12614
12598
12621
12614
12615
12630
12594
12625
12621
12606
12629
12615
12625
12614
12606
12609
12604
12628
12615
12606
12630
12613
12623
12597
12608
12621
12628
12597
12622
12615
12618
12614
12600
12614
12629
12614
12628
12594
12629
12600
12619
12620
12624
12621
12602
12612
12608
12629
12604
12628
12622
12613
12597
12614
12596
12630
12612
12600
12615
12628
12620
12627
12606
12608
12621
12628
12621
12613
12615
12604
12597
12598
12605
12629
12622
12594
12594
12622
12630
12622
12604
12630
12593
12605
12621
12606
12615
12597
12629
12628
12621
12612
12619
12629
12629
12601
12628
12628
12626
12604
12629
12612
12618
12621
12604
12612
12597
12593
12609
12605
12628
12612
12601
12610
12614
12621
12604
12606
12624
12603
12612
12606
12606
12600
12628
12621
12606
12620
12621
12606
12606
12628
12619
12630
12615
12594
12629
12628
12623
12628
12602
12601
12609
12615
12605
12624
12598
12600
12615
12596
12608
12604
12628
12598
12597
12609
12608
12597
12600
12614
12628
12594
12604
12600
12621
12614
12617
12629
12615
12624
12629
12621
12609
12597
12614
12625
12596
12613
12628
12605
12628
12608
12614
12629
12628
12597
12614
12621
12603
12624
12612
12610
12606
12598
12622
12621
12629
12614
12593
12629
12614
12597
12601
12605
12600
12614
12600
12608
12629
12603
12629
12606
12620
12630
12605
12605
12612
12610
12629
12622
12629
12629
12600
12629
12622
12618
12620
12611
12598
12608
12609
12604
12605
12609
12605
12621
12611
12615
12595
12606
12620
12614
12627
12613
12621
12628
12607
12621
12613
12626
12597
12615
12622
12624
12599
12613
12628
12608
12609
12597
12620
12630
12619
12623
12624
12628
12629
12620
12615
12606
12605
12596
12594
12604
12612
12597
12608
12608
12628
12623
12615
12628
12628
12628
12600
12615
12623
12597
12617
12630
12622
12628
12622
12626
12615
12596
12594
12629
12601
12614
12612
12599
12630
12608
12604
12614
12629
12613
12620
12629
12620
12621
12608
12629
12623
12614
12605
12630
12614
12594
12622
12615
12617
12628
12614
12620
12628
12615
12596
12598
12604
12615
12611
12598
12605
12612
12606
12604
12594
12621
12616
12623
12602
12608
12606
12628
12615
12628
12597
12604
12597
12601
12619
12615
12606
12614
12616
12597
12610
12629
12612
12628
12629
12594
12624
12596
12628
12629
12593
12594
12615
12623
12619
12597
12606
12620
12605
12628
12621
12615
12608
12614
12621
12612
12628
12614
12613
12609
12629
12610
12629
12629
12614
12624
12615
12620
12594
12629
12628
12620
12608
12608
12614
12607
12599
12607
12615
12621
12605
12629
12609
12609
12593
12609
12618
12619
12615
12597
12615
12627
12604
12598
12621
12622
12620
12613
12615
12611
12596
12609
12612
12620
12628
12615
12594
12615
12629
12598
12610
12630
12615
12626
12630
12619
12596
12623
12614
12593
12615
12597
12599
12620
12608
12628
12614
12629
12620
12597
12629
12630
12621
12593
12606
12629
12628
12613
12629
12629
12612
12628
12606
12629
12628
12608
12622
12623
12629
12615
12627
12629
12614
12616
12605
12630
12594
12609
12614
12603
12609
12629
12615
12618
12604
12599
12621
12602
12629
12595
12628
12613
12608
12628
12600
12598
12614
12617
12614
12629
12613
12611
12622
12604
12621
12598
12615
12613
12609
12620
12615
12616
12599
12605
12598
12626
12612
12614
12627
12615
12628
12609
12609
12615
12627
12623
12621
12606
12629
12611
12615
12609
12620
12600
12628
12594
12628
12612
12613
12613
12620
12614
12605
12594
12621
12611
12609
12628
12597
12609
12597
12623
12604
12601
12599
12628
12616
12621
12599
12614
12628
12601
12628
12629
12627
12603
12608
12599
12605
12598
12608
12603
12628
12614
12622
12602
12628
12613
12618
12606
12623
12613
12608
12609
12605
12613
12609
12620
12599
12608
12628
12615
12617
12629
12629
12609
12614
12598
12619
12627
12621
12597
12608
12615
12594
12619
12608
12615
12597
12629
12629
12611
12618
12600
12614
12606
12628
12617
12623
12612
12627
12628
12609
12614
12626
12621
12615
12611
12598
12628
12629
12629
12629
12625
12628
12618
12615
12629
12622
12597
12598
12617
12613
12597
12599
12597
12617
12594
12629
12619
12594
12614
12606
12630
12621
12605
12628
12594
12622
12629
12620
12628
12608
12615
12619
12614
12622
12628
12611
12602
12620
12601
12614
12611
12604
12621
12621
12600
12614
12600
12628
12605
12614
12610
12618
12608
12624
12629
12621
12616
12628
12630
12599
12613
12629
12605
12629
12629
12614
12599
12605
12627
12608
12609
12615
12622
12610
12628
12628
12615
12600
12628
12627
12597
12608
12608
12620
12605
12625
12594
12619
12615
12608
12608
12608
12613
12629
12605
12609
12620
12621
12606
12622
12629
12607
12597
12613
12629
12596
12625
12613
12625
12629
12629
12604
12598
12620
12621
12620
12605
12601
12597
12602
12620
12621
12629
12630
12629
12622
12614
12628
12629
12614
12614
12601
12621
12620
12624
12628
12601
12629
12615
12615
12630
12629
12614
12628
12615
12620
12617
12610
12629
12603
12604
12605
12614
12628
12598
12606
12605
12621
12598
12628
12615
12628
12630
12620
12628
12629
12629
12621
12628
12621
12628
12608
12619
12610
12601
12629
12614
12602
12629
12615
12619
12598
12594
12628
12607
12612
12629
12597
12611
12608
12619
12621
12599
12598
12596
12620
12611
12613
12598
12600
12629
12620
12625
12619
12629
12614
12606
12629
12620
12606
12594
12630
12598
12628
12600
12594
12620
12608
12615
12620
12615
12627
12602
12630
12614
12627
12606
12603
12621
12620
12615
12622
12598
12629
12606
12629
12606
12594
12598
12620
12612
12627
12608
12598
12605
12601
12618
12615
12630
12621
12615
12622
12604
12627
12614
12620
12612
12596
12613
12597
12599
12600
12620
12604
12618
12610
12620
12607
12597
12615
12594
12610
12614
12622
12618
12599
12606
12606
12616
12625
12609
12594
12609
12630
12623
12621
12609
12614
12615
12608
12627
12629
12606
12619
12621
12621
12614
12626
12621
12616
12602
12593
12608
12629
12626
12622
12620
12612
12614
12612
12600
12601
12628
12606
12616
12617
12614
12594
12604
12615
12629
12606
12620
12606
12607
12606
12613
12604
12620
12629
12620
12627
12620
12615
12614
12621
12607
12609
12605
12621
12616
12629
12629
12596
12596
12630
12594
12604
12622
12613
12621
12611
12613
12615
12629
