ocp
12791
12822
12819
12814
12792
12794
12810
12794
12795
12820
12810
12794
12823
12792
12792
12817
12796
12791
12813
12793
12819
12820
12807
12817
12819
12814
12819
12796
12793
12819
12791
12827
12814
12794
12820
12818
12829
12782
12819
12812
12811
12781
12826
12821
12790
12808
12820
12807
12793
12793
12800
12792
12794
12821
12796
12791
12792
12819
12819
12811
12818
12819
12782
12820
12805
12819
12812
12793
12794
12813
12808
12790
12801
12805
12820
12803
12817
12790
12795
12791
12803
12792
12790
12815
12794
12794
12813
12802
12801
12790
12791
12818
12795
12794
12826
12808
12790
12809
12820
12800
12790
12820
12819
12818
12808
12819
12794
12791
12820
12790
12823
12819
12808
12805
12801
12794
12820
12792
12797
12812
12819
12782
12829
12795
12811
12794
12818
12810
12814
12786
12822
12808
12804
12784
12792
12814
12792
12808
12819
12788
12820
12782
12793
12796
12782
12819
12794
12803
12823
12795
12782
12795
12802
12794
12811
12797
12801
12800
12791
12814
12792
12808
12792
12795
12828
12791
12804
12784
12805
12815
12820
12802
12795
12828
12800
12792
12819
12811
12820
12790
12795
12794
12794
12809
12795
12818
12796
12795
12820
12826
12819
12810
12794
12796
12782
12793
12791
12792
12793
12782
12795
12798
12813
12821
12788
12792
12808
12814
12801
12821
12808
12799
12818
12820
12795
12805
12793
12795
12818
12820
12817
12821
12795
12793
12790
12797
12824
12828
12797
12787
12812
12817
12797
12795
12827
12793
12825
12794
12782
12793
12816
12796
12802
12796
12792
12794
12793
12793
12795
12820
12808
12819
12800
12806
12820
12817
12794
12805
12791
12794
12793
12793
12821
12793
12795
12821
12809
12815
12819
12795
12810
12818
12810
12808
12801
12793
12808
12792
12826
12804
12826
12792
12819
12800
12790
12795
12795
12798
12796
12814
12804
12818
12793
12782
12793
12811
12792
12800
12795
12808
12794
12782
12803
12786
12793
12781
12821
12820
12817
12813
12808
12782
12794
12793
12794
12791
12792
12792
12817
12792
12795
12795
12822
12795
12795
12829
12823
12828
12808
12813
12794
12795
12795
12792
12811
12795
12793
12820
12818
12796
12793
12794
12813
12800
12820
12795
12783
12794
12806
12789
12792
12808
12794
12813
12818
12795
12800
12821
12821
12792
12797
12793
12795
12804
12793
12793
12800
12793
12820
12808
12812
12791
12795
12822
12795
12792
12795
12794
12791
12806
12795
12820
12793
12821
12792
12797
12791
12796
12818
12814
12808
12820
12819
12820
12812
12792
12806
12807
12792
12814
12792
12792
12821
12801
12797
12795
12819
12812
12814
12782
12795
12817
12803
12790
12783
12797
12809
12795
12793
12793
12813
12820
12781
12818
12814
12800
12819
12821
12801
12792
12795
12793
12814
12801
12813
12820
12791
12813
12819
12794
12803
12814
12829
12792
12808
12815
12820
12819
12792
12824
12812
12817
12794
12793
12804
12812
12791
12797
12800
12793
12799
12793
12795
12795
12796
12829
12804
12800
12793
12803
12818
12783
12792
12800
12804
12820
12795
12795
12812
12783
12790
12782
12794
12798
12793
12794
12818
12795
12802
12819
12781
12811
12792
12812
12808
12793
12793
12796
12791
12791
12826
12819
12793
12790
12819
12790
12793
12795
12811
12818
12817
12822
12794
12812
12818
12818
12819
12821
12818
12813
12793
12819
12821
12793
12817
12813
12781
12826
12794
12819
12792
12819
12819
12820
12805
12793
12781
12820
12795
12808
12789
12816
12811
12808
12820
12798
12828
12820
12781
12810
12795
12827
12813
12814
12795
12819
12800
12798
12788
12792
12800
12796
12813
12817
12792
12794
12795
12785
12826
12794
12796
12820
12808
12789
12812
12821
12810
12795
12788
12801
12819
12820
12810
12808
12819
12829
12821
12802
12782
12815
12793
12790
12792
12800
12805
12806
12793
12821
12793
12794
12792
12782
12782
12812
12804
12792
12788
12802
12804
12817
12793
12819
12791
12819
12794
12821
12783
12785
12819
12819
12794
12795
12807
12817
12807
12793
12801
12791
12810
12793
12793
12819
12800
12821
12826
12792
12798
12820
12818
12795
12796
12795
12795
12808
12804
12816
12792
12784
12804
12803
12812
12808
12830
12781
12794
12792
12820
12793
12812
12793
12818
12796
12798
12794
12792
12818
12814
12788
12794
12818
12813
12821
12809
12820
12797
12795
12810
12792
12796
12796
12788
12811
12794
12795
12800
12803
12795
12821
12807
12791
12817
12794
12794
12803
12791
12794
12819
12791
12820
12793
12818
12821
12793
12793
12795
12794
12829
12800
12792
12819
12821
12792
12819
12795
12790
12795
12818
12809
12821
12792
12801
12787
12798
12809
12819
12820
12825
12788
12794
12820
12821
12791
12817
12793
12820
12820
12820
12794
12793
12791
12804
12813
12790
12820
12795
12781
12811
12820
12813
12818
12821
12819
12792
12818
12820
12796
12807
12791
12821
12812
12795
12783
12808
12819
12782
12800
12808
12794
12819
12795
12792
12788
12808
12790
12817
12793
12793
12795
12810
12783
12808
12803
12817
12810
12821
12820
12813
12795
12791
12795
12815
12794
12819
12795
12795
12801
12792
12819
12820
12808
12785
12795
12826
12820
12818
12796
12795
12819
12792
12793
12824
12819
12820
12814
12793
12794
12817
12793
12792
12782
12793
12793
12794
12790
12793
12793
12821
12790
12818
12821
12793
12792
12801
12808
12796
12792
12808
12817
12801
12792
12793
12802
12813
12812
12812
12813
12822
12825
12808
12829
12820
12813
12820
12813
12782
12808
12793
12797
12794
12822
12783
12817
12803
12806
12813
12793
12817
12809
12808
12798
12819
12811
12794
12821
12808
12820
12793
12819
12827
12822
12796
12793
12787
12796
12792
12810
12794
12797
12811
12817
12820
12813
12820
12794
12795
12808
12794
12800
12807
12808
12795
12819
12791
12795
12795
12827
12819
12818
12795
12813
12819
12798
12818
12819
12791
12815
12794
12818
12826
12793
12795
12814
12812
12803
12794
12826
12820
12819
12814
12793
12794
12819
12794
12825
12794
12804
12821
12802
12796
12795
12790
12828
12819
12826
12818
12819
12821
12805
12796
12792
12802
12827
12800
12815
12793
12794
12818
12819
12811
12820
12800
12820
12812
12795
12795
12810
12794
12790
12789
12814
12825
12798
12790
12826
12784
12805
12814
12799
12818
12794
12794
12783
12794
12782
12795
12819
12807
12812
12809
12815
12795
12790
12821
12822
12810
12801
12821
12792
12801
12799
