ocp
12762
12749
12748
12757
12755
12754
12755
12768
12756
12767
12754
12747
12757
12747
12774
12755
12755
12773
12767
12745
12767
12771
12755
12757
12758
12771
12758
12759
12767
12747
12757
12746
12747
12747
12759
12757
12760
12757
12752
12759
12768
12767
12747
12754
12758
12749
12747
12748
12755
12747
12759
12767
12757
12767
12766
12744
12757
12766
12767
12758
12754
12771
12748
12754
12753
12757
12746
12756
12756
12761
12744
12754
12755
12755
12767
12755
12761
12767
12748
12766
12766
12766
12761
12756
12767
12759
12756
12758
12747
12759
12754
12756
12773
12756
12757
12757
12755
12755
12747
12758
12749
12766
12765
12768
12758
12758
12766
12756
12756
12765
12765
12758
12770
12769
12748
12763
12756
12754
12766
12756
12754
12755
12748
12754
12766
12766
12758
12755
12745
12745
12756
12746
12760
12759
12747
12755
12745
12745
12755
12756
12766
12746
12755
12760
12757
12766
12748
12773
12756
12758
12758
12754
12767
12761
12761
12753
12749
12756
12769
12754
12758
12747
12755
12758
12768
12758
12758
12760
12748
12755
12746
12755
12747
12757
12756
12766
12758
12746
12746
12749
12757
12752
12772
12749
12766
12758
12745
12756
12756
12757
12744
12754
12766
12767
12750
12771
12760
12755
12758
12767
12751
12759
12767
12754
12759
12746
12760
12766
12756
12756
12747
12748
12768
12756
12747
12758
12754
12746
12748
12757
12757
12759
12759
12763
12767
12772
12774
12761
12747
12759
12757
12754
12753
12758
12754
12759
12774
12767
12757
12755
12747
12747
12748
12748
12747
12761
12759
12766
12757
12755
12768
12754
12746
12756
12752
12768
12766
12766
12767
12771
12748
12771
12756
12756
12748
12757
12756
12755
12773
12773
12773
12756
12760
12757
12758
12747
12754
12759
12755
12746
12747
12746
12749
12759
12760
12755
12758
12762
12747
12766
12756
12755
12769
12757
12767
12759
12754
12765
12770
12755
12754
12760
12749
12762
12766
12766
12758
12755
12772
12756
12745
12754
12767
12758
12755
12747
12755
12758
12756
12758
12756
12755
12764
12772
12766
12767
12759
12759
12771
12758
12773
12755
12756
12758
12755
12747
12755
12745
12758
12748
12766
12755
12773
12771
12771
12758
12765
12748
12754
12754
12766
12767
12773
12757
12758
12758
12748
12759
12747
12766
12755
12757
12748
12751
12752
12754
12757
12752
12756
12748
12753
12756
12747
12759
12758
12766
12766
12748
12764
12755
12759
12748
12755
12745
12757
12769
12774
12754
12757
12767
12756
12766
12754
12752
12767
12757
12766
12766
12766
12744
12758
12759
12767
12768
12774
12757
12756
12751
12758
12766
12766
12771
12758
12768
12751
12748
12757
12767
12761
12757
12767
12748
12756
12755
12754
12755
12773
12753
12751
12747
12745
12774
12768
12768
12759
12758
12772
12756
12767
12756
12768
12767
12751
12747
12766
12758
12757
12766
12754
12755
12754
12763
12759
12747
12748
12755
12756
12769
12755
12756
12745
12773
12744
12747
12755
12748
12761
12745
12748
12759
12757
12766
12758
12748
12748
12766
12748
12746
12767
12747
12758
12759
12760
12755
12757
12756
12755
12759
12770
12772
12755
12757
12761
12760
12757
12756
12746
12749
12749
12767
12748
12755
12759
12755
12760
12763
12766
12755
12761
12753
12749
12771
12748
12755
12765
12757
12766
12745
12747
12758
12774
12759
12761
12758
12747
12758
12757
12767
12766
12757
12766
12748
12767
12756
12757
12755
12751
12763
12767
12763
12748
12758
12749
12768
12755
12770
12755
12755
12764
12767
12757
12748
12766
12762
12767
12754
12758
12756
12754
12747
12768
12768
12756
12767
12757
12762
12746
12754
12757
12767
12773
12767
12749
12747
12754
12758
12747
12749
12758
12754
12759
12766
12759
12754
12748
12747
12746
12755
12758
12748
12755
12755
12754
12748
12755
12762
12755
12757
12758
12754
12755
12747
12758
12766
12756
12756
12756
12755
12757
12767
12754
12746
12768
12757
12757
12768
12749
12754
12767
12758
12757
12767
12764
12767
12767
12766
12759
12748
12747
12757
12757
12755
12757
12761
12769
12759
12762
12754
12773
12754
12746
12759
12772
12759
12757
12755
12757
12766
12751
12761
12757
12755
12755
12758
12748
12759
12759
12755
12767
12759
12767
12772
12759
12771
12756
12746
12756
12756
12759
12756
12771
12766
12754
12749
12767
12759
12759
12757
12766
12756
12763
12749
12752
12755
12773
12754
12768
12745
12756
12755
12772
12760
12758
12755
12756
12768
12754
12753
12765
12756
12757
12746
12749
12754
12756
12759
12748
12773
12759
12761
12756
12758
12746
12754
12755
12747
12757
12773
12748
12757
12753
12761
12766
12767
12765
12757
12767
12767
12744
12759
12756
12755
12759
12759
12755
12762
12759
12757
12765
12746
12748
12759
12762
12756
12752
12758
12772
12767
12758
12747
12758
12766
12755
12756
12762
12757
12749
12747
12749
12766
12766
12759
12767
12747
12757
12755
12758
12766
12755
12767
12756
12748
12759
12755
12747
12758
12755
12751
12770
12749
12766
12747
12754
12765
12774
12759
12759
12760
12773
12748
12755
12747
12763
12765
12769
12757
12761
12753
12745
12748
12756
12754
12756
12757
12760
12762
12773
12748
12745
12758
12756
12766
12766
12756
12748
12755
12759
12758
12766
12749
12758
12755
12768
12756
12755
12773
12754
12766
12759
12762
12745
12759
12759
12751
12757
12754
12754
12759
12774
12745
12749
12755
12755
12755
12754
12773
12756
12756
12760
12755
12755
12756
12758
12772
12748
12758
12749
12774
12759
12754
12761
12774
12768
12767
12759
12755
12758
12755
12747
12758
12747
12762
12756
12755
12752
12756
12757
12754
12759
12758
12767
12756
12745
12754
12761
12747
12767
12755
12762
12746
12767
12754
12756
12755
12767
12756
12767
12756
12767
12757
12749
12765
12759
12759
12755
12754
12748
12747
12757
12746
12745
12761
12758
12746
12758
12756
12765
12752
12747
12773
12754
12767
12754
12747
12761
12766
12747
12747
12758
12748
12767
12768
12755
12756
12755
12762
12758
12747
12759
12756
12756
12773
12755
12747
12759
12759
12757
12759
12767
12761
12756
12758
12758
12765
12748
12755
12756
12759
12755
12768
12758
12766
12756
12759
12758
12773
12756
12768
12748
12748
12767
12759
12755
12755
12749
12766
12758
12757
12760
12774
12766
12766
12758
12756
12774
12754
12757
12766
12759
12758
12755
12771
12767
12763
12756
12759
12757
12758
12756
12748
