ocp
12667
12659
12673
12666
12676
12670
12669
12676
12661
12660
12680
12682
12667
12662
12674
12663
12679
12668
12672
12662
12678
12676
12662
12673
12677
12678
12673
12660
12682
12663
12676
12665
12678
12673
12680
12660
12665
12658
12660
12661
12661
12669
12677
12678
12686
12669
12676
12661
12663
12677
12660
12668
12678
12680
12678
12678
12670
12677
12677
12687
12666
12677
12666
12673
12686
12677
12685
12679
12669
12658
12661
12677
12676
12675
12679
12676
12660
12677
12661
12668
12676
12682
12679
12674
12675
12681
12680
12674
12663
12681
12662
12675
12677
12673
12673
12677
12676
12676
12663
12675
12677
12686
12676
12662
12680
12677
12662
12677
12677
12667
12677
12667
12678
12676
12662
12670
12677
12680
12681
12680
12666
12677
12666
12675
12678
12668
12662
12677
12662
12662
12679
12683
12674
12676
12681
12679
12662
12663
12668
12667
12677
12660
12677
12671
12662
12679
12664
12669
12674
12679
12678
12663
12672
12664
12660
12678
12678
12671
12668
12677
12683
12661
12677
12681
12673
12662
12675
12677
12677
12677
12676
12677
12659
12668
12667
12668
12660
12682
12674
12677
12677
12661
12668
12661
12672
12676
12676
12682
12679
12676
12663
12678
12674
12677
12663
12661
12660
12677
12661
12681
12675
12675
12676
12660
12660
12660
12676
12679
12683
12677
12680
12679
12666
12668
12668
12667
12683
12676
12677
12671
12662
12669
12669
12677
12678
12674
12679
12674
12677
12676
12685
12673
12677
12681
12676
12682
12664
12675
12672
12671
12671
12676
12663
12671
12675
12672
12677
12674
12677
12677
12679
12677
12674
12681
12662
12660
12678
12670
12676
12673
12677
12681
12677
12661
12677
12680
12663
12678
12676
12676
12677
12661
12669
12676
12666
12663
12670
12662
12661
12669
12677
12678
12678
12681
12667
12676
12677
12663
12670
12668
12670
12676
12671
12672
12663
12665
12678
12675
12674
12661
12663
12661
12675
12683
12677
12679
12668
12662
12675
12662
12677
12674
12676
12675
12676
12661
12676
12674
12663
12676
12667
12680
12659
12678
12669
12669
12667
12678
12673
12670
12674
12675
12666
12673
12677
12668
12677
12677
12663
12677
12666
12680
12677
12678
12669
12661
12680
12673
12670
12660
12681
12662
12676
12679
12677
12676
12669
12684
12673
12679
12669
12664
12662
12676
12663
12661
12663
12662
12675
12675
12678
12675
12679
12661
12663
12682
12679
12678
12660
12673
12673
12663
12675
12660
12676
12673
12662
12676
12674
12678
12676
12676
12676
12676
12679
12675
12663
12677
12669
12666
12664
12662
12662
12676
12679
12669
12679
12682
12681
12674
12676
12680
12681
12676
12677
12671
12677
12677
12681
12679
12681
12680
12679
12670
12663
12663
12662
12661
12683
12677
12661
12677
12662
12664
12666
12675
12675
12677
12669
12663
12677
12677
12668
12659
12674
12677
12680
12679
12663
12677
12678
12668
12659
12673
12669
12676
12682
12669
12660
12662
12677
12669
12676
12675
12681
12663
12683
12662
12676
12667
12661
12683
12670
12661
12679
12681
12680
12678
12679
12662
12678
12661
12662
12675
12681
12676
12675
12678
12665
12670
12676
12681
12680
12672
12677
12673
12663
12672
12679
12664
12662
12677
12677
12676
12675
12676
12667
12679
12673
12677
12680
12677
12680
12681
12663
12662
12679
12669
12660
12678
12674
12679
12669
12668
12669
12660
12676
12678
12673
12669
12662
12676
12659
12661
12674
12682
12679
12662
12676
12678
12678
12681
12662
12678
12663
12677
12664
12679
12677
12667
12677
12676
12681
12672
12676
12672
12662
12677
12677
12679
12677
12681
12676
12667
12680
12680
12678
12662
12677
12664
12677
12677
12667
12677
12677
12676
12668
12677
12667
12660
12670
12671
12661
12674
12678
12660
12678
12681
12680
12663
12678
12676
12677
12663
12662
12676
12684
12678
12659
12676
12677
12680
12658
12681
12659
12677
12681
12680
12675
12675
12677
12677
12679
12677
12676
12686
12674
12684
12677
12669
12680
12667
12669
12676
12679
12668
12668
12677
12667
12677
12677
12676
12671
12667
12676
12669
12667
12662
12675
12660
12675
12685
12672
12662
12663
12661
12677
12676
12664
12670
12680
12662
12680
12678
12678
12672
12661
12667
12669
12675
12661
12677
12661
12682
12660
12678
12677
12678
12681
12680
12676
12685
12673
12681
12673
12677
12678
12674
12676
12675
12673
12668
12662
12676
12677
12680
12677
12671
12660
12668
12675
12673
12677
12677
12674
12678
12676
12674
12675
12679
12676
12664
12678
12681
12662
12675
12669
12680
12678
12672
12674
12675
12661
12679
12663
12672
12674
12679
12676
12661
12685
12674
12661
12674
12677
12675
12674
12681
12671
12663
12681
12680
12679
12676
12681
12671
12661
12676
12661
12678
12675
12676
12669
12678
12675
12677
12678
12676
12669
12658
12678
12661
12677
12676
12679
12663
12680
12669
12680
12680
12661
12668
12669
12668
12676
12676
12676
12676
12673
12681
12661
12669
12677
12659
12676
12682
12669
12676
12674
12681
12675
12675
12676
12680
12677
12677
12667
12676
12681
12681
12674
12675
12671
12662
12678
12678
12667
12677
12683
12677
12686
12676
12673
12674
12663
12669
12663
12677
12676
12677
12663
12681
12679
12667
12680
12680
12673
12661
12666
12679
12673
12674
12667
12668
12673
12672
12677
12682
12675
12676
12668
12679
12677
12662
12681
12668
12678
12675
12667
12674
12661
12670
12674
12668
12681
12672
12669
12677
12675
12679
12679
12667
12676
12679
12677
12679
12662
12677
12681
12675
12676
12678
12669
12681
12679
12678
12671
12677
12677
12679
12663
12661
12662
12663
12673
12671
12680
12661
12682
12674
12662
12676
12677
12675
12677
12679
12679
12681
12677
12668
12669
12677
12681
12683
12674
12673
12673
12679
12662
12662
12679
12663
12681
12674
12660
12681
12682
12681
12674
12674
12675
12672
12670
12678
12684
12681
12678
12676
12677
12661
12661
12674
12676
12662
12676
12662
12660
12675
12661
12681
12676
12682
12665
12662
12676
12676
12677
12681
12679
12664
12679
12663
12669
12662
12663
12676
12676
12661
12677
12679
12670
12679
12677
12673
12679
12682
12675
12676
12669
12668
12663
12676
12674
12678
12686
12681
12677
12661
12681
12673
12676
12675
12678
12672
12685
12676
12676
12668
12677
12663
12675
12679
12661
12661
12661
12678
12670
12672
12661
12661
12677
12675
12662
12662
12672
12679
12660
12678
12674
12683
