ocp
12680
12663
12685
12671
12672
12686
12686
12703
12679
12683
12679
12674
12672
12701
12698
12702
12689
12702
12702
12682
12681
12668
12664
12676
12704
12662
12680
12664
12685
12694
12674
12663
12702
12683
12675
12701
12677
12676
12702
12673
12675
12703
12672
12671
12674
12684
12672
12697
12685
12669
12676
12664
12664
12686
12677
12672
12679
12681
12704
12696
12683
12663
12679
12666
12665
12698
12698
12696
12665
12697
12685
12671
12675
12677
12679
12697
12696
12698
12678
12701
12684
12668
12671
12683
12683
12696
12666
12684
12697
12669
12682
12702
12695
12675
12664
12666
12662
12667
12696
12687
12679
12680
12664
12663
12679
12674
12667
12664
12664
12684
12674
12697
12680
12665
12697
12683
12661
12702
12663
12672
12695
12674
12679
12663
12684
12697
12703
12675
12694
12675
12675
12677
12671
12685
12684
12701
12682
12683
12684
12682
12681
12669
12703
12671
12683
12674
12675
12680
12683
12672
12675
12674
12695
12683
12684
12682
12697
12703
12700
12673
12674
12697
12664
12671
12683
12674
12702
12696
12702
12702
12675
12675
12672
12697
12694
12679
12679
12683
12669
12676
12684
12684
12704
12679
12696
12688
12696
12675
12677
12666
12675
12672
12675
12679
12674
12685
12666
12671
12684
12664
12694
12683
12674
12681
12682
12668
12688
12682
12675
12696
12704
12681
12703
12664
12700
12671
12684
12665
12696
12704
12663
12663
12684
12662
12697
12697
12703
12662
12680
12688
12679
12682
12674
12666
12683
12698
12664
12704
12685
12674
12667
12694
12680
12702
12683
12676
12685
12680
12684
12675
12695
12680
12665
12663
12672
12693
12681
12696
12674
12660
12663
12684
12663
12681
12678
12668
12680
12663
12680
12665
12685
12684
12703
12668
12664
12683
12679
12684
12696
12679
12681
12661
12687
12683
12682
12661
12684
12672
12674
12674
12680
12674
12679
12682
12667
12697
12696
12695
12668
12670
12703
12668
12665
12685
12701
12696
12694
12674
12685
12674
12697
12696
12673
12696
12691
12684
12674
12672
12694
12697
12694
12671
12670
12683
12682
12666
12681
12671
12683
12664
12694
12689
12679
12701
12684
12680
12685
12664
12683
12671
12680
12680
12666
12664
12662
12672
12660
12675
12671
12702
12668
12698
12675
12689
12703
12685
12699
12677
12674
12664
12701
12685
12684
12683
12679
12674
12672
12679
12695
12679
12683
12672
12695
12680
12701
12684
12702
12674
12681
12702
12674
12670
12682
12696
12673
12679
12699
12665
12679
12672
12698
12696
12703
12673
12671
12703
12684
12671
12672
12680
12679
12664
12702
12661
12674
12680
12694
12696
12669
12682
12687
12664
12679
12685
12681
12702
12684
12702
12675
12683
12687
12662
12664
12701
12682
12701
12664
12670
12685
12684
12680
12666
12698
12684
12703
12681
12687
12675
12667
12684
12671
12679
12684
12682
12702
12669
12684
12700
12681
12683
12675
12684
12670
12664
12684
12684
12702
12682
12701
12666
12683
12684
12696
12672
12684
12674
12674
12688
12682
12669
12665
12685
12671
12679
12696
12674
12676
12698
12665
12671
12684
12660
12702
12664
12691
12687
12665
12701
12696
12675
12691
12677
12660
12698
12662
12682
12674
12687
12692
12671
12664
12687
12697
12687
12682
12689
12696
12697
12680
12698
12702
12700
12696
12679
12696
12696
12684
12671
12695
12687
12666
12683
12696
12684
12684
12704
12675
12679
12671
12670
12672
12695
12704
12680
12677
12702
12701
12673
12671
12664
12677
12681
12680
12696
12696
12702
12665
12702
12689
12669
12680
12674
12674
12666
12672
12663
12685
12702
12701
12702
12664
12671
12682
12697
12698
12703
12679
12680
12685
12680
12697
12691
12698
12665
12674
12682
12703
12681
12680
12674
12680
12663
12666
12703
12680
12686
12670
12684
12677
12703
12702
12667
12700
12697
12663
12685
12672
12686
12665
12696
12684
12675
12684
12696
12680
12672
12703
12703
12703
12667
12681
12684
12691
12679
12680
12674
12680
12698
12684
12664
12702
12681
12688
12685
12678
12698
12683
12663
12666
12692
12663
12680
12679
12667
12671
12669
12694
12675
12689
12664
12698
12679
12664
12702
12679
12688
12683
12685
12684
12666
12662
12696
12695
12670
12703
12671
12681
12701
12671
12665
12667
12696
12698
12682
12665
12697
12701
12666
12688
12684
12677
12674
12701
12667
12681
12703
12667
12699
12692
12664
12671
12703
12680
12664
12677
12680
12663
12698
12679
12699
12684
12684
12666
12702
12672
12685
12668
12703
12666
12684
12684
12676
12680
12680
12680
12688
12662
12669
12676
12684
12684
12699
12677
12681
12697
12688
12684
12678
12662
12684
12681
12664
12675
12667
12684
12674
12674
12681
12675
12697
12662
12699
12696
12671
12676
12683
12685
12697
12672
12665
12695
12695
12698
12704
12683
12674
12699
12671
12661
12684
12679
12681
12669
12684
12662
12681
12683
12681
12671
12662
12695
12683
12703
12680
12672
12669
12672
12666
12672
12697
12675
12665
12681
12684
12684
12684
12700
12664
12671
12668
12696
12687
12689
12702
12703
12679
12685
12680
12682
12667
12665
12668
12674
12682
12685
12667
12681
12700
12680
12696
12702
12679
12684
12698
12675
12696
12684
12695
12673
12672
12694
12683
12673
12671
12682
12671
12678
12675
12698
12682
12663
12684
12672
12676
12666
12696
12679
12696
12679
12663
12665
12702
12692
12674
12682
12702
12664
12682
12687
12679
12675
12683
12703
12697
12674
12673
12682
12697
12679
12682
12687
12677
12702
12696
12670
12701
12680
12679
12679
12668
12668
12695
12681
12673
12675
12673
12701
12667
12680
12670
12683
12693
12701
12672
12681
12676
12697
12694
12669
12695
12663
12674
12685
12671
12678
12664
12684
12679
12677
12694
12684
12688
12672
12666
12692
12672
12692
12671
12698
12684
12669
12665
12701
12677
12684
12664
12698
12680
12688
12697
12674
12702
12665
12685
12702
12676
12703
12700
12672
12703
12702
12677
12683
12683
12665
12675
12673
12679
12679
12664
12681
12674
12697
12704
12675
12665
12677
12689
12668
12686
12695
12672
12675
12680
12677
12697
12695
12667
12675
12696
12684
12663
12702
12682
12668
12675
12666
12669
12674
12680
12682
12674
12665
12703
12675
12671
12687
12672
12680
12674
12694
12682
12682
12672
12664
12671
12668
12696
12662
12681
12679
12696
12672
12685
12679
12674
12673
12666
12683
12667
12665
12671
12703
12694
12672
12662
12662
12684
12675
12692
