ocp
12615
12604
12623
12624
12621
12623
12627
12625
12627
12628
12623
12609
12611
12629
12626
12625
12610
12604
12625
12628
12621
12610
12603
12625
12612
12625
12620
12621
12612
12622
12629
12626
12606
12602
12622
12622
12626
12625
12615
12599
12605
12600
12623
12605
12602
12624
12600
12611
12624
12621
12605
12623
12621
12602
12598
12629
12629
12622
12610
12602
12628
12627
12621
12610
12611
12627
12622
12613
12600
12617
12626
12606
12626
12626
12625
12604
12627
12600
12599
12628
12605
12625
12601
12628
12621
12621
12602
12618
12618
12611
12626
12625
12620
12629
12625
12599
12627
12612
12622
12627
12605
12597
12622
12627
12622
12617
12629
12602
12627
12605
12628
12627
12628
12604
12624
12612
12628
12622
12604
12616
12610
12603
12625
12611
12627
12611
12609
12601
12600
12626
12618
12602
12626
12627
12609
12621
12614
12616
12625
12611
12600
12627
12623
12628
12611
12599
12630
12628
12626
12622
12621
12612
12625
12606
12602
12617
12628
12622
12628
12629
12616
12597
12616
12605
12626
12625
12610
12627
12621
12607
12609
12610
12626
12616
12612
12602
12625
12620
12625
12612
12624
12626
12624
12625
12612
12602
12611
12621
12626
12602
12628
12601
12626
12616
12601
12611
12605
12620
12611
12621
12627
12628
12621
12627
12625
12601
12602
12620
12601
12616
12605
12605
12618
12624
12600
12610
12625
12611
12624
12624
12607
12611
12611
12600
12611
12618
12603
12602
12624
12626
12618
12626
12612
12611
12609
12605
12629
12613
12615
12611
12627
12615
12629
12626
12625
12626
12603
12612
12628
12612
12620
12627
12627
12627
12625
12611
12605
12626
12625
12608
12626
12625
12603
12599
12625
12600
12625
12616
12603
12626
12609
12605
12612
12600
12617
12618
12624
12612
12624
12615
12611
12611
12625
12625
12623
12626
12605
12612
12616
12612
12611
12613
12624
12627
12624
12603
12628
12627
12602
12611
12627
12629
12625
12627
12617
12624
12627
12626
12628
12625
12612
12608
12629
12602
12606
12611
12600
12617
12602
12621
12623
12624
12602
12629
12628
12613
12627
12624
12615
12629
12617
12625
12611
12612
12612
12623
12627
12628
12615
12613
12606
12627
12611
12609
12619
12624
12627
12627
12616
12625
12603
12625
12626
12625
12612
12618
12620
12627
12597
12628
12607
12611
12604
12601
12610
12628
12627
12603
12611
12601
12627
12601
12601
12602
12629
12624
12603
12612
12623
12625
12617
12626
12602
12600
12611
12625
12604
12626
12625
12612
12609
12602
12626
12626
12620
12623
12605
12621
12625
12597
12605
12605
12602
12620
12622
12611
12622
12600
12600
12627
12615
12601
12626
12606
12608
12627
12626
12610
12618
12617
12628
12605
12627
12602
12605
12625
12628
12603
12617
12616
12628
12621
12625
12618
12624
12629
12625
12626
12605
12604
12630
12622
12602
12607
12625
12609
12625
12617
12625
12617
12607
12613
12630
12628
12626
12628
12621
12625
12601
12613
12606
12610
12620
12599
12610
12627
12625
12620
12611
12603
12624
12610
12625
12626
12628
12627
12628
12605
12610
12602
12606
12610
12629
12624
12627
12621
12620
12625
12626
12625
12603
12622
12611
12625
12626
12612
12626
12605
12627
12614
12601
12606
12627
12609
12597
12611
12624
12610
12623
12621
12597
12616
12608
12597
12621
12627
12611
12624
12602
12616
12628
12597
12628
12624
12624
12618
12628
12603
12610
12627
12628
12616
12627
12625
12625
12627
12601
12628
12603
12621
12606
12602
12611
12617
12622
12626
12611
12625
12617
12617
12597
12607
12614
12612
12603
12624
12625
12622
12606
12628
12605
12625
12603
12628
12625
12624
12626
12621
12623
12600
12600
12628
12605
12625
12627
12625
12600
12629
12625
12623
12626
12625
12610
12609
12611
12626
12611
12628
12625
12601
12625
12626
12611
12611
12611
12601
12627
12628
12611
12626
12626
12613
12625
12620
12626
12604
12606
12626
12626
12611
12615
12597
12628
12623
12602
12601
12625
12614
12621
12622
12603
12627
12623
12622
12625
12625
12610
12603
12605
12628
12625
12610
12605
12598
12612
12614
12625
12628
12624
12616
12626
12610
12626
12612
12627
12627
12623
12617
12625
12626
12626
12597
12626
12626
12627
12610
12615
12601
12626
12627
12602
12624
12627
12628
12625
12627
12625
12623
12600
12600
12611
12616
12613
12627
12601
12616
12625
12618
12628
12597
12626
12628
12624
12610
12622
12605
12621
12617
12628
12605
12616
12622
12629
12628
12624
12627
12624
12622
12622
12627
12618
12621
12627
12622
12600
12622
12599
12627
12625
12597
12621
12620
12617
12626
12617
12602
12603
12628
12616
12613
12608
12622
12628
12619
12602
12617
12620
12617
12628
12627
12621
12606
12620
12621
12628
12603
12620
12605
12625
12611
12617
12613
12629
12605
12609
12599
12616
12615
12626
12603
12622
12625
12625
12626
12621
12603
12624
12629
12598
12610
12601
12622
12623
12628
12625
12627
12620
12622
12625
12628
12612
12627
12610
12601
12610
12618
12627
12626
12611
12628
12606
12621
12618
12624
12625
12624
12626
12629
12603
12610
12627
12625
12624
12616
12628
12629
12618
12626
12627
12623
12620
12627
12612
12612
12621
12612
12626
12607
12628
12614
12611
12601
12617
12627
12612
12627
12621
12627
12621
12602
12627
12624
12626
12628
12611
12609
12610
12599
12607
12604
12608
12624
12625
12622
12627
12626
12625
12601
12617
12626
12601
12624
12611
12617
12624
12610
12618
12627
12623
12624
12605
12600
12622
12605
12628
12627
12602
12626
12625
12627
12624
12622
12625
12612
12600
12628
12612
12627
12625
12606
12627
12622
12625
12610
12610
12603
12599
12627
12622
12617
12627
12624
12615
12627
12603
12610
12601
12602
12610
12628
12623
12628
12624
12625
12625
12614
12623
12603
12599
12627
12620
12616
12627
12626
12611
12611
12625
12617
12628
12612
12624
12600
12625
12613
12629
12616
12625
12626
12605
12604
12621
12624
12602
12610
12609
12617
12615
12620
12611
12628
12622
12622
12623
12627
12627
12597
12610
12623
12625
12621
12623
12621
12629
12599
12626
12608
12611
12603
12625
12602
12616
12625
12627
12624
12617
12612
12611
12627
12624
12600
12627
12625
12603
12610
12610
12602
12611
12611
12624
12604
12618
12610
12621
12602
12616
12621
12622
12625
12611
12612
12605
12604
12605
12597
12602
12601
12626
12626
12625
12625
12599
12601
12612
12618
12602
12627
12628
12617
12625
12616
