ocp
12718
12719
12745
12750
12751
12770
12718
12728
12722
12751
12731
12740
12744
12761
12718
12759
12728
12769
12739
12752
12719
12763
12717
12718
12722
12718
12718
12720
12736
12728
12721
12717
12721
12762
12720
12724
12768
12720
12718
12760
12771
12763
12771
12718
12759
12717
12718
12761
12732
12762
12719
12748
12720
12763
12724
12727
12718
12721
12760
12752
12727
12748
12726
12750
12772
12766
12722
12761
12755
12752
12768
12762
12744
12721
12743
12739
12744
12770
12721
12725
12720
12756
12720
12720
12770
12745
12751
12717
12766
12763
12723
12760
12720
12769
12719
12749
12718
12750
12770
12729
12720
12717
12720
12767
12771
12720
12756
12717
12747
12720
12736
12759
12719
12717
12752
12723
12733
12750
12717
12733
12719
12747
12721
12730
12770
12760
12764
12756
12717
12748
12720
12728
12749
12763
12728
12718
12721
12752
12771
12764
12718
12769
12748
12729
12763
12770
12718
12723
12719
12768
12739
12758
12750
12748
12762
12750
12718
12728
12759
12727
12728
12763
12731
12722
12721
12720
12722
12755
12724
12732
12722
12750
12740
12716
12717
12752
12727
12739
12763
12722
12739
12718
12726
12748
12725
12743
12755
12760
12726
12760
12721
12745
12763
12724
12723
12720
12768
12756
12724
12736
12718
12720
12746
12762
12739
12723
12719
12742
12717
12720
12764
12721
12746
12769
12722
12719
12745
12738
12756
12722
12734
12723
12736
12722
12723
12719
12720
12718
12754
12753
12719
12761
12720
12720
12719
12723
12718
12738
12727
12718
12763
12721
12720
12725
12759
12750
12728
12742
12748
12756
12733
12748
12756
12772
12717
12771
12718
12739
12752
12745
12752
12769
12762
12758
12722
12720
12765
12738
12740
12771
12760
12719
12748
12754
12771
12726
12721
12737
12728
12720
12719
12720
12762
12721
12763
12747
12718
12720
12747
12771
12755
12762
12763
12721
12741
12770
12728
12718
12720
12722
12768
12768
12767
12719
12745
12758
12747
12719
12754
12720
12730
12722
12740
12728
12763
12771
12737
12750
12771
12720
12729
12755
12744
12771
12720
12738
12719
12728
12764
12724
12719
12719
12750
12767
12755
12725
12761
12722
12722
12724
12719
12720
12739
12719
12723
12717
12717
12755
12739
12719
12740
12760
12747
12720
12760
12759
12721
12755
12756
12745
12720
12722
12721
12722
12770
12719
12762
12721
12718
12719
12768
12726
12718
12717
12733
12747
12719
12721
12719
12753
12740
12750
12746
12717
12751
12752
12751
12718
12738
12747
12755
12748
12749
12728
12718
12720
12770
12720
12753
12717
12739
12757
12745
12760
12718
12739
12722
12771
12718
12746
12750
12750
12760
12763
12768
12719
12738
12739
12722
12718
12762
12719
12752
12740
12732
12751
12717
12770
12718
12718
12751
12718
12756
12720
12751
12768
12733
12748
12719
12720
12720
12747
12753
12719
12739
12720
12723
12758
12753
12728
12728
12720
12729
12750
12751
12739
12763
12722
12740
12761
12719
12721
12757
12721
12738
12721
12744
12759
12737
12719
12771
12726
12740
12761
12753
12722
12721
12748
12769
12743
12722
12755
12720
12760
12755
12753
12723
12757
12720
12737
12740
12718
12770
12756
12752
12723
12717
12762
12758
12760
12722
12745
12761
12723
12722
12760
12720
12720
12722
12721
12758
12720
12747
12752
12719
12722
12746
12747
12750
12762
12762
12722
12719
12760
12735
12754
12722
12759
12740
12745
12750
12751
12717
12766
12760
12756
12720
12720
12721
12722
12725
12740
12739
12718
12770
12720
12720
12738
12764
12770
12717
12719
12770
12722
12745
12717
12721
12720
12722
12756
12718
12756
12750
12721
12745
12739
12720
12758
12766
12747
12718
12752
12760
12721
12755
12740
12771
12717
12750
12720
12756
12728
12760
12722
12722
12754
12769
12718
12760
12719
12720
12732
12721
12722
12750
12719
12749
12717
12771
12736
12747
12721
12738
12761
12725
12748
12722
12771
12769
12735
12746
12721
12719
12770
12731
12717
12770
12745
12747
12720
12736
12760
12719
12721
12724
12750
12724
12748
12761
12736
12740
12718
12749
12753
12730
12766
12723
12769
12718
12768
12719
12718
12752
12735
12719
12718
12717
12722
12751
12754
12771
12767
12720
12759
12717
12721
12761
12755
12763
12746
12770
12743
12720
12719
12722
12718
12721
12720
12720
12741
12747
12729
12757
12718
12719
12761
12757
12760
12743
12717
12719
12723
12735
12738
12718
12720
12767
12760
12720
12750
12742
12740
12759
12716
12719
12761
12726
12746
12728
12766
12772
12720
12751
12724
12720
12720
12750
12722
12764
12717
12740
12735
12758
12719
12771
12763
12771
12739
12717
12759
12720
12764
12724
12768
12751
12728
12769
12771
12739
12760
12719
12750
12733
12719
12721
12753
12770
12728
12760
12762
12756
12719
12750
12762
12720
12739
12721
12739
12721
12768
12720
12759
12739
12753
12771
12722
12757
12757
12721
12718
12752
12717
12761
12763
12760
12750
12722
12770
12745
12720
12722
12719
12723
12721
12756
12718
12768
12747
12749
12762
12721
12750
12722
12723
12752
12718
12721
12718
12753
12720
12739
12757
12756
12741
12762
12762
12720
12750
12761
12739
12739
12722
12733
12723
12757
12722
12719
12728
12738
12720
12718
12741
12762
12755
12722
12722
12760
12770
12759
12734
12719
12761
12717
12765
12737
12753
12725
12757
12723
12722
12719
12718
12720
12728
12752
12760
12721
12723
12738
12752
12731
12718
12720
12761
12716
12750
12758
12767
12718
12738
12721
12717
12719
12749
12738
12722
12718
12720
12760
12771
12771
12727
12769
12720
12722
12762
12719
12770
12719
12724
12754
12751
12770
12742
12752
12722
12721
12720
12722
12729
12720
12771
12769
12723
12742
12733
12719
12750
12733
12728
12751
12719
12750
12717
12717
12718
12721
12720
12750
12728
12740
12749
12739
12769
12756
12724
12720
12721
12760
12722
12718
12745
12722
12770
12740
12720
12756
12730
12719
12720
12746
12770
12765
12723
12719
12723
12720
12762
12718
12739
12762
12753
12720
12747
12733
12762
12767
12718
12754
12750
12722
12754
12720
12736
12746
12718
12746
12721
12722
12720
12720
12758
12721
12769
12764
12759
12772
12751
12741
12738
12761
12740
12721
12755
12769
12757
12748
12720
12738
12719
12754
12739
12769
12717
12719
12729
12720
12717
12717
12744
12721
12718
12750
12747
12729
12722
12722
12761
12750
12737
12727
12720
12758
12771
12717
12716
12718
12717
12769
12747
