ocp
12594
12601
12562
12594
12596
12601
12566
12573
12585
12596
12585
12565
12586
12565
12574
12581
12585
12582
12565
12588
12565
12610
12586
12565
12601
12581
12583
12564
12568
12600
12582
12566
12564
12585
12583
12565
12610
12595
12601
12601
12596
12610
12564
12585
12596
12567
12583
12589
12573
12602
12565
12586
12598
12597
12578
12601
12591
12573
12574
12589
12573
12573
12565
12595
12591
12609
12601
12585
12565
12594
12573
12589
12577
12596
12564
12587
12567
12588
12566
12573
12610
12588
12596
12601
12572
12565
12569
12584
12572
12575
12587
12599
12600
12573
12564
12577
12572
12589
12572
12589
12587
12585
12584
12563
12576
12572
12603
12604
12600
12585
12585
12596
12567
12611
12572
12583
12585
12570
12599
12600
12599
12582
12573
12573
12601
12612
12564
12601
12589
12568
12589
12574
12588
12573
12611
12604
12592
12569
12602
12579
12591
12583
12569
12573
12576
12585
12572
12565
12573
12578
12566
12574
12569
12573
12608
12584
12586
12602
12589
12566
12589
12602
12601
12567
12579
12606
12567
12589
12569
12577
12601
12591
12595
12565
12571
12597
12611
12582
12569
12592
12611
12591
12577
12601
12564
12600
12595
12578
12596
12609
12582
12589
12565
12585
12566
12573
12608
12605
12582
12569
12573
12572
12574
12582
12589
12578
12612
12565
12607
12573
12599
12607
12572
12602
12566
12580
12568
12567
12589
12589
12567
12569
12568
12600
12597
12603
12610
12565
12610
12591
12564
12610
12563
12594
12568
12588
12587
12583
12599
12574
12612
12599
12580
12570
12572
12569
12587
12582
12577
12589
12573
12564
12587
12582
12596
12607
12595
12568
12594
12601
12563
12590
12574
12567
12601
12567
12588
12611
12565
12585
12591
12588
12564
12592
12569
12581
12588
12570
12564
12606
12577
12564
12601
12603
12564
12570
12589
12610
12574
12569
12597
12565
12581
12607
12570
12604
12567
12587
12564
12567
12582
12585
12612
12568
12601
12597
12583
12585
12596
12573
12601
12573
12601
12573
12564
12566
12609
12573
12591
12565
12586
12603
12564
12573
12589
12564
12595
12567
12564
12590
12585
12583
12570
12569
12591
12609
12565
12594
12565
12563
12612
12569
12610
12600
12592
12565
12565
12584
12573
12605
12582
12597
12600
12567
12562
12594
12584
12594
12570
12587
12580
12585
12589
12585
12587
12567
12566
12612
12600
12610
12571
12589
12583
12564
12605
12583
12586
12583
12571
12577
12564
12565
12573
12589
12586
12570
12585
12569
12563
12569
12567
12609
12601
12611
12599
12573
12573
12564
12612
12600
12610
12567
12563
12589
12574
12585
12596
12563
12578
12585
12596
12583
12573
12585
12600
12585
12585
12575
12565
12600
12610
12588
12565
12563
12590
12600
12596
12601
12596
12589
12567
12584
12564
12585
12565
12565
12565
12600
12589
12581
12603
12568
12585
12581
12597
12601
12565
12589
12573
12588
12591
12591
12589
12601
12569
12570
12575
12589
12586
12565
12572
12573
12583
12597
12607
12565
12585
12600
12573
12573
12586
12566
12582
12572
12573
12573
12590
12565
12573
12601
12565
12566
12589
12586
12573
12586
12600
12582
12589
12567
12589
12567
12580
12573
12601
12564
12583
12573
12564
12568
12569
12588
12602
12600
12573
12586
12610
12565
12599
12589
12567
12585
12589
12604
12583
12567
12610
12600
12598
12600
12565
12564
12604
12610
12612
12610
12569
12568
12564
12587
12585
12567
12608
12569
12569
12567
12579
12585
12588
12589
12574
12576
12585
12582
12574
12579
12564
12589
12588
12565
12573
12588
12589
12588
12567
12577
12582
12588
12578
12583
12599
12593
12583
12585
12573
12564
12590
12573
12593
12584
12610
12583
12594
12568
12600
12588
12589
12591
12589
12586
12585
12595
12569
12584
12581
12564
12598
12591
12587
12565
12608
12564
12573
12591
12587
12599
12583
12565
12570
12573
12594
12596
12565
12584
12573
12564
12566
12586
12596
12590
12603
12573
12573
12573
12565
12565
12600
12582
12600
12590
12573
12584
12610
12600
12573
12589
12603
12567
12565
12573
12594
12572
12574
12572
12573
12596
12585
12590
12570
12589
12567
12607
12565
12586
12563
12594
12569
12587
12581
12596
12611
12589
12596
12589
12570
12574
12564
12600
12603
12588
12587
12589
12575
12590
12600
12574
12570
12567
12581
12588
12573
12589
12588
12566
12585
12597
12583
12567
12587
12597
12609
12583
12601
12565
12578
12594
12568
12594
12600
12584
12585
12582
12585
12590
12564
12573
12583
12610
12572
12574
12597
12589
12586
12574
12609
12601
12564
12584
12585
12600
12581
12601
12601
12565
12597
12590
12596
12601
12611
12572
12585
12594
12584
12595
12569
12594
12565
12571
12586
12565
12594
12595
12596
12596
12574
12588
12565
12564
12564
12568
12600
12565
12591
12597
12590
12600
12610
12567
12567
12593
12577
12588
12596
12580
12597
12582
12601
12587
12608
12567
12566
12597
12564
12569
12569
12579
12585
12591
12568
12596
12575
12610
12568
12584
12608
12602
12565
12581
12569
12564
12564
12581
12569
12575
12569
12589
12585
12585
12584
12566
12574
12599
12605
12595
12584
12585
12586
12582
12586
12589
12564
12585
12610
12570
12587
12607
12584
12584
12594
12567
12585
12582
12588
12572
12573
12599
12565
12568
12568
12570
12568
12568
12603
12587
12584
12564
12569
12585
12567
12598
12603
12594
12585
12568
12578
12567
12569
12589
12573
12597
12568
12567
12575
12596
12585
12584
12602
12571
12568
12600
12602
12585
12603
12588
12567
12611
12576
12565
12586
12582
12587
12591
12565
12576
12573
12582
12566
12571
12568
12585
12599
12564
12588
12589
12568
12566
12589
12585
12566
12587
12587
12569
12584
12611
12567
12586
12594
12566
12568
12594
12589
12573
12569
12595
12567
12564
12591
12564
12582
12586
12590
12601
12583
12594
12573
12610
12565
12585
12585
12573
12583
12585
12590
12590
12567
12566
12581
12589
12588
12565
12569
12564
12599
12584
12569
12570
12590
12582
12604
12565
12589
12585
12586
12588
12564
12596
12582
12568
12573
12602
12586
12594
12587
12594
12565
12591
12600
12578
12567
12584
12565
12587
12589
12564
12583
12597
12596
12600
12611
12611
12596
12565
12588
12589
12582
12575
12586
12570
12573
12573
12587
12589
12607
12566
12586
12564
12567
12585
12565
12590
12601
12566
12589
12584
12564
12564
12594
12589
12592
12569
12565
12596
12595
12594
12572
12589
12603
12595
12569
12565
