ocp
12837
12837
12816
12818
12822
12817
12824
12808
12828
12838
12832
12809
12829
12839
12830
12828
12824
12823
12812
12825
12821
12831
12810
12808
12820
12822
12825
12837
12823
12815
12830
12823
12807
12807
12826
12806
12815
12813
12838
12825
12822
12809
12835
12819
12814
12829
12822
12823
12810
12839
12808
12818
12812
12819
12817
12824
12828
12821
12826
12823
12820
12818
12823
12824
12822
12823
12828
12823
12823
12822
12816
12822
12813
12828
12824
12832
12833
12808
12829
12829
12808
12825
12824
12829
12832
12824
12823
12837
12813
12838
12828
12837
12824
12822
12833
12832
12808
12827
12814
12807
12824
12838
12824
12813
12822
12830
12822
12822
12838
12824
12817
12823
12807
12808
12838
12839
12810
12836
12815
12827
12837
12838
12825
12807
12838
12838
12822
12811
12809
12823
12819
12838
12814
12819
12823
12812
12811
12835
12810
12829
12808
12837
12825
12828
12835
12810
12817
12843
12825
12828
12823
12814
12837
12835
12814
12833
12813
12833
12812
12814
12826
12837
12823
12827
12812
12825
12822
12836
12839
12823
12825
12823
12838
12839
12815
12821
12811
12807
12825
12825
12837
12835
12808
12826
12807
12822
12808
12813
12814
12838
12818
12809
12828
12834
12835
12838
12808
12836
12810
12838
12807
12823
12823
12832
12809
12829
12811
12810
12819
12825
12810
12838
12819
12824
12837
12839
12837
12827
12839
12815
12823
12822
12807
12809
12823
12819
12823
12827
12839
12833
12811
12838
12813
12823
12812
12829
12819
12837
12834
12823
12822
12837
12842
12808
12819
12826
12828
12824
12837
12820
12811
12822
12834
12837
12809
12807
12823
12814
12830
12808
12826
12833
12823
12818
12835
12825
12827
12810
12812
12829
12823
12809
12821
12807
12806
12838
12837
12838
12825
12823
12823
12839
12823
12823
12813
12844
12844
12806
12810
12828
12818
12827
12836
12815
12808
12838
12828
12825
12818
12810
12837
12822
12807
12820
12808
12823
12829
12826
12822
12823
12837
12818
12817
12826
12824
12818
12817
12820
12809
12840
12817
12826
12823
12817
12818
12838
12810
12806
12813
12808
12837
12814
12825
12808
12818
12809
12823
12823
12825
12817
12824
12838
12828
12838
12837
12829
12807
12827
12811
12819
12837
12833
12811
12838
12818
12837
12837
12842
12822
12821
12807
12823
12823
12826
12810
12830
12813
12825
12842
12815
12808
12825
12829
12826
12831
12819
12821
12807
12825
12845
12843
12807
12824
12817
12807
12840
12826
12827
12836
12812
12828
12818
12811
12805
12819
12826
12811
12838
12821
12812
12824
12835
12809
12827
12825
12844
12838
12833
12843
12834
12838
12813
12837
12807
12825
12824
12818
12828
12824
12810
12832
12809
12823
12836
12838
12820
12829
12823
12824
12807
12821
12825
12838
12822
12837
12826
12811
12809
12811
12823
12826
12810
12809
12805
12814
12809
12841
12840
12830
12838
12822
12812
12826
12825
12823
12838
12810
12841
12837
12816
12823
12823
12837
12806
12807
12827
12841
12825
12818
12821
12829
12837
12814
12838
12823
12825
12839
12808
12823
12812
12812
12836
12839
12822
12824
12813
12817
12821
12824
12830
12809
12837
12838
12818
12826
12828
12819
12837
12823
12823
12830
12837
12814
12809
12835
12838
12815
12823
12819
12820
12828
12837
12836
12824
12838
12827
12812
12825
12839
12823
12825
12818
12818
12824
12822
12819
12829
12842
12824
12814
12841
12840
12830
12830
12824
12833
12821
12826
12813
12837
12808
12810
12827
12808
12823
12822
12818
12820
12834
12812
12817
12838
12827
12813
12811
12837
12827
12825
12830
12823
12823
12815
12826
12820
12814
12836
12818
12829
12808
12813
12810
12818
12837
12828
12835
12822
12811
12810
12839
12821
12808
12839
12839
12836
12818
12838
12826
12829
12811
12807
12839
12808
12818
12827
12812
12829
12819
12815
12825
12838
12837
12842
12817
12822
12833
12806
12827
12822
12833
12823
12822
12819
12835
12838
12837
12823
12823
12823
12817
12810
12836
12823
12838
12810
12829
12818
12824
12839
12811
12828
12836
12825
12811
12807
12824
12828
12808
12817
12818
12841
12811
12841
12839
12825
12808
12808
12810
12806
12814
12836
12810
12807
12835
12839
12823
12830
12823
12835
12826
12823
12821
12835
12838
12839
12824
12826
12819
12839
12825
12835
12822
12809
12825
12844
12838
12824
12835
12819
12839
12826
12808
12809
12807
12822
12820
12822
12811
12835
12818
12825
12821
12811
12808
12825
12820
12818
12837
12825
12839
12838
12842
12836
12837
12837
12809
12819
12807
12836
12827
12837
12837
12822
12818
12817
12813
12825
12821
12815
12824
12812
12810
12816
12815
12824
12837
12817
12823
12826
12814
12823
12807
12819
12829
12826
12822
12831
12827
12813
12816
12807
12824
12830
12811
12815
12836
12812
12836
12817
12814
12836
12824
12822
12837
12818
12843
12818
12829
12811
12817
12826
12835
12817
12821
12824
12808
12822
12807
12818
12839
12822
12827
12821
12807
12838
12833
12837
12807
12817
12835
12821
12828
12826
12809
12808
12826
12810
12817
12838
12832
12836
12818
12824
12829
12822
12838
12826
12817
12826
12840
12809
12837
12838
12838
12822
12833
12810
12813
12815
12824
12837
12822
12837
12838
12841
12838
12837
12844
12823
12806
12824
12826
12823
12822
12807
12838
12827
12809
12823
12822
12819
12838
12842
12824
12809
12807
12807
12810
12821
12815
12827
12823
12838
12838
12813
12835
12834
12810
12823
12823
12830
12838
12838
12818
12815
12807
12839
12809
12838
12837
12807
12839
12817
12823
12826
12818
12838
12822
12818
12824
12838
12809
12836
12829
12825
12827
12818
12837
12808
12807
12814
12822
12823
12808
12837
12809
12834
12826
12838
12829
12834
12807
12820
12811
12807
12811
12823
12825
12826
12837
12835
12828
12821
12824
12825
12845
12805
12837
12838
12838
12824
12818
12808
12810
12814
12811
12826
12807
12828
12837
12810
12811
12823
12808
12839
12838
12819
12823
12827
12828
12820
12808
12826
12823
12827
12818
12818
12809
12807
12811
12838
12824
12835
12828
12823
12838
12826
12810
12822
12818
12818
12838
12819
12807
12824
12823
12836
12824
12818
12833
12835
12815
12836
12823
12838
12818
12825
12807
12839
12839
12826
12825
12822
12824
12824
12837
12825
12824
12825
12823
12838
12811
12825
12823
12838
12824
12829
12824
12837
12826
12835
12818
12838
12839
12837
12828
12819
12837
12807
12809
12819
