12694.42
12695.25
12696.67
12696.42
12695.17
12695.83
12692.67
12695.08
12694.42
12702.75
12693.67
12691.42
12696.58
12697.92
12695.92
12700.25
12694.33
12699.25
12695.25
12695.33
12695.17
12702.67
12688.92
12691.17
12700
12695.08
12694.75
12688.58
12693.67
12696.75
12694.92
12690.25
12694.33
12692
12695.92
12693.33
12701.58
12691.17
12698.58
12697.67
12697.83
12695.25
12700.17
12692.67
12696.25
12692.33
12693.58
12697.75
12690.42
12696.83
12687.67
12694.92
12691.5
12701.08
12691.58
12694.5
12691.33
12695.17
12698.58
12698.42
12693.42
12696.25
12691.42
12696.17
12697.42
12702.92
12697
12698.5
12691
12699.25
12695.83
12695
12694
12695.08
12695.67
12694.92
12696.75
12697.33
12689.5
12693.92
12692.75
12699.25
12692
12699.83
12697.08
12696.5
12692.83
12692.5
12695.75
12696.58
12694.42
12700.75
12699
12697.67
12693.92
12695.25
12688.75
12697.17
12697
12693.17
12694.42
12699.08
12696.08
12693.75
12700.5
12693.58
12695.5
12692.67
12698.17
12693.17
12695.83
12699.08
12692.75
12691.75
12698.25
12694.33
12694.92
12697.83
12693
12697.42
12696.08
12692.83
12695.42
12689.5
12703.08
12699.83
12695.83
12695.33
12693.33
12692.58
12695.92
12694.08
12696.17
12696.83
12694.83
12699.17
12690.08
12696.17
12698.58
12694.5
12694.75
12695.08
12697.92
12693.42
12692.67
12695.5
12689.92
12695.67
12694.67
12700.33
12690.67
12691.83
12699.33
12691.67
12698
12694.67
12694.83
12696.67
12696.83
12693.92
12695.67
12695.83
12693.42
12690.42
12696.25
12692
12691.67
12696.17
12695.25
12695.92
12695.5
12697.33
12694.75
12696.33
12693.08
12697.08
12696.17
12692.42
12696.33
12693.42
12697.42
12694.08
12696
12695.92
12691.92
12697.42
12694.08
12696.42
12697.42
12698.58
12692.25
12692.25
12694.08
12696.92
12687.75
12693.33
12693.83
12696.83
12691.08
12694.33
12693.25
12694.08
12693.58
12699.33
12695.42
12686.67
12694
12694.25
12691.75
12695.25
12696.67
12693.67
12698.33
12698.25
12692.5
12692.08
12697.25
12690.75
12702.08
12697.42
12691
12691.25
12690.67
12693.33
12698.17
12698
12697.92
12693.25
12701.83
12699.58
12693
12702.75
12689.67
12692.75
12690.92
12695.25
12696.08
12697.5
12692.92
12691.42
12699.42
12696
12690.92
12691.5
12693.75
12694.5
12696.08
12695.67
12698.5
12697.67
12695.25
12698
12694.92
12698.5
12692.17
12700.17
12694.92
12696.42
12698.33
12694
12694.67
12701.17
12694.75
12691.33
12696.25
12694.08
12699.75
12696
12695.17
12699.58
12700.5
12692.75
12696.92
12694.67
12691.83
12692.5
12694.58
12691.17
12695.75
12691.75
12693.75
12689.58
12702
12698.75
12693.08
12697.42
12696.5
12693.08
12690.58
12696
12696.5
12694.33
12698.08
12696.92
12693.17
12702.42
12694.83
12696.75
12689
12688.92
12699.17
12695.5
12696.33
12691.5
12696.67
12697.42
12700.67
12692.17
12699.25
12693.08
12700.33
12689.83
12697.67
12694.83
12696.25
12694.83
12691.75
12695.42
12698
12694.25
12692.42
12700.83
12693.5
12700.08
12695.25
12695.83
12696
12696.42
12697.08
12695.42
12699.08
12693.92
12692.25
12692.25
12696.92
12693.75
12694.5
12693.25
12692.67
12689.58
12694.17
12692.58
12696.83
12695.5
12696.25
12690.25
12688.92
12695.17
12690.58
12694.83
12695.42
12701.92
12695.33
12696.83
12696.58
12697.58
12695.58
12701.25
12692.75
12694.33
12693
12691.67
12690.08
12695.5
12695.75
12692.42
12696.58
12691.75
12700.25
12691.92
12699.17
12692.08
12689.83
12690.25
12698.92
12696.83
12694.67
12688.58
12690.67
12699.42
12692.83
12692.58
12691.92
12693.25
12692.92
12697.67
12698.33
12691.58
12697.17
12695.58
12699.08
12698
12701.5
12694.33
12699.58
12698
12696.75
12694.67
12697.5
12690.33
12693.33
12692.25
12696.75
12696.25
12693.33
12695.67
12699.17
12698.83
12692.75
12697.5
12697.83
12695.5
12697.92
12695.92
12694.58
12696.5
12696.17
12696.67
12691.92
12693.58
12704.33
12690.33
12692.08
12697.75
12694.5
12696.92
12695.92
12697.92
12695.75
12691.25
12693.33
12693.83
12697.58
12693.33
12698.42
12699.33
12693.17
12697.92
12690.25
12692.67
12696.67
12694.75
12695.67
12689.67
12698.33
12695.5
12698.67
12701.75
12693.58
12699
12696.83
12693.08
12693.08
12693.5
12693.25
12697.75
12694.58
12698.08
12694.67
12691.17
12691.17
12690.58
12701
12691.17
12695.42
12691.25
12697.58
12697.58
12694.08
12690.17
12698.25
12693.08
12694.42
12695.42
12696
12697.5
12695.33
12693.67
12696.08
12693.25
12691.67
12693.67
12698
12697.25
12697.33
12696.25
12694.5
12698.92
12695.58
12694.58
12691.67
12693.17
12697
12698.67
12697.33
12693.33
12690.83
12692.42
12696.08
12694.25
12692.67
12696.75
12700.42
12691.58
12693.33
12698.5
12695.83
12692.42
12697.08
12698.33
12698.25
12700.67
12697.75
12697.75
12699
12694.92
12699
12696.08
12698.67
12701.42
12696
12692.67
12697.08
12698.92
12695
12699.67
12691.17
12698.75
12691.75
12696.75
12696.08
12698.33
12700.67
12698.75
12694.08
12698.92
12695.83
12694.58
12691.92
12695.33
12692.5
12696.25
12692.92
12694.92
12698.67
12696.75
12690.33
12698.08
12700.83
12696.33
12689.92
12696.17
12700.83
12691.42
12692.25
12690.67
12695
12696
12692.83
12698.33
12692.25
12697.08
12694.58
12699.17
12694.92
12697.17
12692
12694.92
12701.75
12693.67
12694.5
12700.5
12700.33
12690.42
12699.42
12700.17
12698.83
12691.58
12695.92
12691.17
12696.75
12697.83
12695.67
12693.33
12693.33
12696.33
12697.5
12695.25
12696.67
12691.42
12697.75
12688.33
12694.25
12693.25
12690.83
12693.33
12695.5
12693.92
12693.25
12698.5
12696.08
12692.17
12692.42
12701.58
12693.33
12692.25
12693.92
12700.42
12704
12693.08
12697.42
12692.17
12696.83
12700.67
12692.5
12694.25
12695.58
12695.58
12697.58
12693.5
12693.83
12698.5
12698
12694.83
12695.58
12696.5
12696.33
12690.5
12692.25
12695.75
12696.83
12693.5
12693.33
12694
12693.58
12696.08
12694.5
12697
12696.33
12695.92
12689.42
12697.42
12699.08
12698.33
12694.42
12695.58
12692.67
12692.42
12694.08
12698.75
12700.25
12694.25
12699.08
12698.83
12693.5
12689.08
12694.75
12696.17
12699.42
12693.33
12697.83
12701
12693
12697.25
12690.67
12696.08
12696.67
12690.58
12693.92
12696.33
12696.58
12698.25
12699.58
12696.42
12693
12702.17
12699.25
12695.67
12700.75
12694
12693.58
12692.33
12693.83
12690.17
12693.67
12693.42
12694.17
12701.33
12696.08
12694
12697.33
12693.33
12695
12696.08
12689.83
12696.17
12696.33
12698.5
12696.25
12699.33
12702.83
12693.75
12699
12694.5
12689
12694.33
12694.92
12694.92
12698.92
12699.33
12699.83
12696.58
12696.25
12694.58
12696.08
12695.83
12698.5
12698.25
12694.33
12694.92
12694.92
12696.5
12692
12701
12696.67
12693.83
12696.08
12696.17
12691.67
12698.17
12696.08
12693.33
12700
12693.83
12694.17
12697.67
12696.17
12690.17
12694.67
12690.42
12697.75
12693.58
12696.83
12699.58
12694.5
12692.75
12698.67
12691.33
12693
12700.17
12694.42
12700.17
12695.67
12697.83
12704
12692.08
12699
12693.58
12695.5
12691.42
12694.75
12691.33
12696.92
12695.58
12691.83
12695.92
12693.92
12698
12697.33
12698.58
12690.83
12692.17
12692.75
12692
12700.17
12698.25
12695.08
12693.42
12696.58
12694.08
12695.17
12695.75
12694.92
12696.67
12702
12696.33
12697.25
12695.33
12698.33
12690
12694.75
12696.42
12699.33
12695.75
12699.25
12696.83
12692.5
12700.08
12702.17
12695.33
12696.08
12695.42
12700.58
12693.67
12702.42
12695.33
12694.83
12698.08
12694
12692.75
12697.67
12699.33
12701.25
12698.58
12693.33
12697.25
12698.25
12694
12695.08
12689.08
12692.33
12696
12693.58
12695.5
12693.67
12696.25
12691.42
12697.08
12693.33
12692.83
12691.92
12699.83
12693
12690.17
12694.08
12696
12690.75
12693.17
12694.83
12695.5
12689
12693.67
12696.5
12697.33
12694.25
12698.67
12697.5
12701.33
12692.67
12702
12699.33
12693.17
12699
12699.83
12688.08
12699.25
12688.17
12693.17
12700.67
12697.75
12696
12700.67
12695.58
12695.17
12692.67
12698
12695.67
12695.92
12695.83
12693.25
12696.92
12695.5
12699.75
12694.75
12694.75
12691.17
12695.67
12692.58
12696.25
12694.5
12692.33
12695
12692.33
12696.25
12692.17
12693.67
12694.33
12694.42
12694.08
12698
12696.08
12695.75
12697.42
12691.92
12694.08
12692.58
12696.83
12689.83
12698.17
12696.5
12695.08
12698.5
12696.08
12700.58
12692.67
12693.17
12693.67
12696
12697.5
12693.75
12693.08
12694.17
12693.08
12697.5
12696.92
12692
12698.17
12698.58
12695.42
12689.58
12691.42
12697.33
12696.5
12693.83
12693.92
12693.83
12691.17
12697.75
12695.92
12691.75
12698.83
12698.67
12695.08
12698.92
12690.5
12696.75
12699.17
12691.58
12693.25
12698.5
12697
12699.17
12697
12695.17
12697.75
12694.92
12694.83
12689.17
12692
12694
12693.33
12699.75
12696.33
12698.08
12695.42
12697.5
12697.67
12701.92
12699.33
12699.42
12697.92
12697
12688.67
12699.25
12696.67
12697.25
12694.25
12692.58
12693.75
12691.33
12699.08
12693.17
12697.5
12691.92
12694.75
12694
12694.5
12696.25
12691.67
12696.75
12693.67
12692.92
12693
12691.17
12692.08
12692.5
12696.58
12701
12695.42
12693.83
12689.33
12692.42
12701.42
12705.83
12690.67
12692.42
12695.08
12692.17
12695
12694.92
