ocp
12033
11959
12152
11896
12107
11832
12143
12110
12000
11826
11971
12016
12020
12083
11892
12082
11805
12132
12078
11967
12067
12116
11920
12078
11929
12122
11957
11849
12116
12136
11847
11806
12085
12116
11865
12136
11963
12071
11960
11776
11802
11724
12147
11759
12132
12116
11974
12060
12026
12154
12033
11930
12077
12129
12144
12119
12115
11900
12144
12063
12001
12053
12073
11756
12079
12018
11671
11948
12144
12115
11910
12077
11914
12089
12058
11945
12135
11804
12073
11959
11851
11913
12143
12063
12108
12004
11993
12154
12101
12077
11919
12124
11870
12082
12139
11855
12152
12108
12141
12031
11924
11988
12035
12114
12153
12025
11945
12095
11855
11821
12119
11858
12148
12102
11992
12045
11891
12037
12116
12051
12002
11965
12144
11989
12101
11937
12148
11766
12099
12020
12042
12132
12132
12114
12021
12113
12139
12093
12098
12121
12017
11801
12115
12154
12004
12026
11965
11808
11872
11868
12132
12060
11968
12150
12056
11725
11952
12076
11726
12147
12030
12137
12105
12036
12085
11821
12154
11701
12007
11962
11961
12075
12097
11938
12148
12049
12034
11892
12072
11908
11992
12148
12123
12153
12022
12024
12057
11884
12137
11911
12147
12010
12152
11992
12145
11961
11825
12144
12131
12101
12034
12152
11875
12143
11647
12021
11731
11897
12149
12125
11932
11939
11778
12074
12113
12142
11826
12089
12026
11826
12091
12098
12154
11965
12128
11890
12094
12118
11778
11949
12146
11999
12131
12063
12042
12136
12120
11921
12154
11847
12066
12035
12046
12123
11982
12086
12110
12147
12147
12148
11866
12120
11991
12092
11974
12145
11708
11727
12149
12045
11967
12115
11911
11807
11878
11845
11911
11809
12031
11797
12137
11953
12148
12061
11922
11787
11955
11792
11984
12143
11962
12044
11877
12074
11988
12070
11897
11763
12015
11980
12091
11651
12140
12148
11959
12102
11820
12145
12143
12146
12143
11886
12117
12077
11983
12144
12078
11992
12144
12145
12146
12023
12115
12154
11931
11923
12115
12085
12150
12065
12154
12030
12119
11949
11970
12123
12149
12063
12092
11916
11959
11819
12093
11848
11959
12006
12113
11684
12130
12115
11960
11832
11954
11925
12109
12131
12034
12133
12097
11848
12090
11993
12082
12068
12141
11890
11690
12032
12014
12056
11978
11914
11981
12086
11927
12127
11939
11808
11826
12049
11757
11984
12096
12105
11957
12103
12117
12115
12111
12003
12132
11934
12145
11907
12136
12132
12094
12040
12117
12084
11957
11884
11864
12111
11868
12119
12154
11771
12074
12042
11870
11895
11842
12124
11990
12111
12084
12148
11996
12065
12147
12004
12154
11921
12145
12146
12093
12143
11831
12048
12096
12144
12106
12064
12105
12135
12116
11995
11960
12111
12148
11880
11944
11957
12145
12124
12153
12149
12071
12024
12145
12147
12111
11928
11829
11913
12148
12143
12152
12020
12151
12046
12068
12133
11847
12137
11911
12129
12122
12016
12117
12132
12113
12016
12148
12132
12056
12066
12040
12008
12008
12055
12085
12066
11830
11768
12093
11983
12062
12092
12088
11772
11898
12095
12045
12119
12079
12020
12154
12049
12121
12140
12116
12148
11891
11947
12058
12089
11949
12154
12114
12067
11894
12074
11702
12074
12089
11926
11904
12041
12089
12010
12054
12118
12118
11955
11955
11877
12123
11861
11943
11825
12111
12143
12033
11986
12053
12154
11973
12120
12136
12046
11986
11907
12046
12037
12122
12071
12119
12029
11780
12029
12035
12142
12007
12023
11746
12123
11958
12123
12103
12154
12119
12146
12117
12146
11738
12017
12148
12085
12144
12121
12123
11987
12010
12081
12145
11751
11909
12087
12077
11781
12103
11872
11782
11894
12038
12108
12105
11642
11922
12123
12089
11825
11910
12148
12119
12035
12069
11795
12030
12017
11697
12089
12132
12015
11954
12041
12154
11992
12148
12075
11822
11960
12003
12130
12118
11922
11805
12078
11828
11847
12122
12132
12037
12074
12104
12114
12003
11872
12129
12092
12152
11805
11870
12015
11650
12087
11924
12078
12098
11988
12079
12123
12031
12074
12107
12034
11985
11697
11798
12129
12149
11793
11753
12102
12104
12144
12018
12107
12143
12114
12001
12119
11833
12103
12065
12136
12047
12015
11948
12105
12144
12119
12113
11873
11877
12143
12074
11740
11879
12119
12071
12135
12052
12024
11948
12111
11991
12018
12115
12093
11818
11991
12113
11948
12057
12140
12054
12121
12150
11899
11717
12076
12134
12111
11938
12010
11975
11929
12075
11960
12122
12142
12152
12051
12112
12022
12132
11996
12138
12108
12035
11947
11990
12038
11978
12110
12022
12116
12148
12031
12084
12118
11986
12145
12128
12119
11941
12102
12107
11862
11801
12092
12078
12133
11938
12057
12128
12080
12099
11966
12081
12137
11959
11954
11944
12111
12145
12044
12132
11954
12148
12030
12111
12120
11763
11976
12092
12025
11916
12024
12036
12147
12150
12130
11967
12074
12054
12140
12141
11855
11838
12149
11992
12061
12093
11947
11996
12120
12147
12050
12074
12136
12145
12081
12143
12118
12145
11815
12112
11998
12137
12076
11731
12112
12118
12112
12150
12113
12038
11907
12033
11844
12017
12036
12130
12001
12026
12124
11905
12093
12069
12068
12100
12034
12115
12154
12112
12046
12122
12102
11979
11824
11974
12150
12040
12046
12153
12144
12079
12055
12143
11980
12073
12021
12147
12146
12052
12089
12072
12133
12137
12145
11736
12034
12118
12119
11903
11876
12096
12147
12117
12035
11723
11913
12147
12014
12112
12070
12146
12154
12123
12063
12104
12079
12029
12092
12019
12059
12148
12030
12154
11905
12115
12078
12114
12067
11957
12086
11660
11934
12017
12147
11870
11838
11711
12050
12022
11802
12036
12083
11995
12099
11827
12033
12147
11960
12114
11909
12045
11982
12119
12124
12047
12148
12102
12116
12071
12010
12151
11813
12109
11634
12133
12154
11954
11919
12074
12071
11948
12110
11954
12035
12099
11899
12148
11949
11707
11981
12125
12136
12103
12100
11719
12147
12023
12089
12023
12061
12147
12146
11923
11935
11999
12031
11836
12055
12006
12138
12119
12091
11953
11782
12022
12132
11905
12147
12130
11721
12139
12098
11996
12076
12099
12055
12026
12143
12139
12057
12153
11888
11899
11871
11861
12007
12091
12124
12115
12058
12129
12144
12113
12124
12154
12150
12124
11641
12143
12133
11959
11966
12054
12045
11801
12128
11904
11930
12011
12105
