ocp
11785
11953
12014
11917
11840
12031
11991
12072
11955
12078
12049
12037
12038
12089
11933
12072
12050
12052
11875
12086
11824
11718
11965
11989
11988
12075
12086
11891
12009
11757
12070
12094
12055
11776
11917
12094
11960
12067
11654
12086
11996
12039
12090
12077
11725
12088
11902
12065
11955
11985
12017
12095
12032
11981
12084
11651
12075
11877
11933
12044
12074
11766
12051
12077
11975
11871
12046
12056
12024
12087
12097
11959
11964
11819
11699
12076
11941
12086
11944
11887
12020
11840
11995
12093
12099
12072
12065
11987
12053
11972
11913
12071
12006
11699
12074
11927
11820
11979
12056
12028
12048
12086
12042
11926
11983
12090
11851
11998
11927
11929
11933
11926
11967
11986
11816
12054
12078
11669
12069
12072
12086
11999
12091
11924
12079
11673
11655
12044
12086
11815
12038
12045
12013
12067
12052
11833
12094
11981
12071
12088
12063
12065
12008
11904
11960
11848
12038
12064
11933
11929
11987
12055
12026
11932
11893
12094
12060
11657
11981
12039
12007
12024
12020
12026
12016
12086
11893
12096
11842
11981
12007
12015
12063
11939
12031
11748
11915
11946
11732
11889
11766
12086
12015
12016
12071
12018
12047
11920
12058
12004
12093
12031
11850
12065
11861
12027
12035
12051
12077
11821
12071
12015
11962
11850
11800
11931
12052
11741
11830
11966
11853
11962
12014
12031
12025
12091
11920
12040
11995
12039
12086
12072
12092
11748
12045
11987
12070
11903
12097
11892
11867
11939
12053
12016
11851
11888
12073
11790
12015
12074
11966
12078
12070
11670
12055
12055
11923
12086
12087
11845
12072
11884
12037
12059
12059
12057
12092
11889
12078
12033
11955
11680
11920
12018
11660
12076
12041
11857
11915
12007
11852
12066
12016
12056
11874
12052
11986
12042
12011
12091
11908
12042
12070
12088
11887
12017
12076
12006
12054
11945
12058
12008
12061
11919
12006
12079
11746
12085
12041
12064
11822
12065
12066
11818
12086
12002
12011
12064
12096
12091
12078
11985
11998
12087
11972
11868
11980
12048
12072
11950
12070
12078
11760
11908
12049
11967
11967
12098
12054
12079
11959
12028
12035
11907
11849
12029
12016
12093
11921
11747
11925
11930
11981
11927
12077
12096
11965
12070
12089
12038
12017
12051
12094
12061
11729
12063
11839
12050
11778
11905
12069
12079
11743
12020
12097
11680
12066
12055
12042
11904
12075
12042
12092
12031
12097
11977
12014
12092
11770
12072
11881
12022
12057
11990
11929
12077
12025
12072
12073
12071
11822
12011
12076
12031
12076
11979
12006
12054
11854
12094
12051
12081
11839
12024
12065
12085
11646
11878
11919
12009
11947
11954
12015
12033
11934
11925
11703
11773
11986
11930
12085
12033
11998
12082
11897
12043
12081
12050
11970
11659
11954
12041
12087
11962
12044
12059
12014
12085
12045
11979
12080
11925
12013
12031
12069
12086
11979
12090
11999
11983
12087
12087
11885
12079
12070
11909
12098
11794
11845
12097
11936
11826
12054
12077
12095
11711
11974
11983
11963
12065
11927
12098
12086
12092
12045
12069
12060
12053
11981
12092
12083
11936
12022
11794
11966
11822
12000
11839
12010
11786
12057
12045
11847
11842
11814
12033
11865
12074
12072
11831
12000
11952
11899
12096
12054
12078
11988
12071
12088
12071
12070
12096
11973
12021
11752
11823
11933
12062
12038
12015
12039
12015
11921
11684
11971
11737
12075
11866
12055
12068
12061
12095
11921
12094
12072
11905
12015
11823
11886
11819
11981
11845
12054
11664
11931
12075
12077
11662
12054
11748
12085
11810
11954
12058
12073
11863
12019
12005
12015
12091
11790
11936
11793
12058
12024
11946
11878
11873
11945
12095
12071
11864
12015
12050
12095
12070
12098
11833
11950
11975
11995
12045
11986
11948
11678
12086
12009
12085
12019
12094
12046
11908
12012
12072
12072
12083
12050
11984
11989
12006
12049
12022
12040
11974
12071
11889
11815
11865
11706
11896
11911
12071
12098
11946
11933
12022
12069
12050
11748
12062
12022
12026
12009
12038
11912
11872
12097
12025
12075
12006
12058
11979
12008
11814
11986
11938
12079
12095
11966
12092
11795
11945
11979
12064
12045
12090
11932
11716
11843
12070
12022
12098
11756
11989
12056
12078
11916
12071
12081
11985
12016
12075
12051
11759
12029
12017
12086
12036
12095
11979
12071
12076
12039
12036
12046
12086
12032
11924
12004
12057
12077
11904
11904
11970
12050
11835
12077
12039
12028
12015
11983
11715
12014
12010
12097
12015
12014
12077
11852
12038
12082
12084
11828
12070
11903
11988
11988
12041
11908
11893
12023
11935
11925
11835
12086
11905
12076
11945
11952
11954
11887
11769
12080
12096
12077
11939
11985
12054
12092
11816
11889
12094
12050
12016
12079
12051
12080
12057
12009
12048
12005
12056
12098
11941
12076
12010
12064
12000
11731
11662
12097
11931
12004
12031
11796
11982
12063
12071
11869
11962
12071
12052
12070
12006
12092
12051
11985
11954
11905
12014
11889
12078
12050
11972
12067
12081
11926
12071
11812
12031
12099
12072
12062
11835
12076
11660
12007
12038
11978
12090
11657
11886
12003
12059
11982
11919
11860
12086
11877
11856
12046
11804
12010
12010
12085
12045
12031
12077
11780
12073
11643
11996
12096
12041
12072
12092
12011
12094
12082
11804
11978
12093
12095
12079
11841
12033
12010
11993
12055
12085
12040
11725
12034
11963
11765
12085
12074
12094
11682
12097
11962
11971
12095
12067
12072
12024
12021
11731
11972
12011
11799
11945
12042
12065
11984
11896
11814
12065
12034
12059
12004
11953
12041
11982
11933
12044
11832
12045
12026
12044
11958
12091
11797
12025
12005
11985
11954
12073
12044
12086
12096
12061
12079
12071
12070
11998
11913
11932
12094
11744
11987
11653
11814
11964
12037
11876
11756
12085
12080
11879
11742
11803
11921
11921
11937
12033
11825
11715
11791
11977
11935
12091
12092
12084
12086
12078
11931
12059
11940
11982
12066
11933
11915
12045
12072
11671
11894
11979
11892
12032
12071
11802
11931
12072
12043
11899
11850
12045
11877
12078
11839
11990
11905
12037
11924
12055
12054
11945
12075
11915
11874
11967
12095
11799
12010
12074
12084
12074
11918
11933
12071
12050
12071
12071
11748
11906
12059
12071
12077
12092
12088
11958
12074
11753
11954
11837
11900
12025
12096
12087
12041
11947
11744
11767
12064
12071
12077
12007
11951
12029
11889
12071
12085
12059
12092
12005
11962
11977
11841
12065
