ocp
12085
11818
12119
12110
12105
11926
12105
12078
12086
12108
12010
12008
12079
11929
12109
11750
12084
12047
11923
11932
12109
12002
12109
12074
11948
12060
12000
12044
12050
12028
12028
11842
11876
11972
11860
12061
12079
12115
12098
12044
12113
12022
11943
11835
11983
12109
12109
12051
11983
11838
12081
11980
11681
12078
12112
12102
11957
11846
12044
12096
11925
12113
12045
11942
11927
12060
12052
12078
11986
12036
12008
12106
11921
12106
12113
11964
11646
12111
12084
11826
11970
12072
12078
12098
12108
12091
12105
12000
12108
11988
11931
12060
11944
11837
11974
11840
12108
11816
12078
11993
12063
12110
11897
12113
12004
11897
12073
12078
12099
11846
11909
12099
12037
12112
11922
11955
12120
11968
11765
11852
12112
11838
12050
12106
11981
12109
12109
12108
12031
11936
12112
12060
12122
12116
12050
12061
12081
11631
11777
12121
11837
12114
11670
12100
12105
11973
12046
12039
12108
11793
12080
12108
11986
12013
12108
12107
12075
12106
12116
11615
12111
12051
11987
12047
11980
12122
12064
12080
12041
11731
12059
11894
12038
11978
11982
12009
11883
12025
11921
11966
12003
12108
12063
12039
11964
12090
11967
11967
12052
12027
12122
12121
11753
12121
12091
12108
11943
12117
12068
11674
12082
12068
12043
12069
12074
12119
12113
12118
12101
11893
12036
12019
12056
11704
11991
12061
12062
12043
12037
12114
12013
12096
12114
12112
11966
12066
11871
11870
12025
12092
11968
12065
12098
11942
11616
12010
11821
12077
11995
12124
12120
12106
11974
11723
12095
12055
11889
12109
11992
11948
12108
11612
12066
12083
11881
11838
11961
11985
12068
12027
12097
12098
11930
12100
12100
11906
12081
12084
12051
12091
11721
11660
11905
12092
12081
12020
11997
11970
12097
12098
12105
12105
11848
12113
12105
12118
12056
11617
12028
12103
12011
12110
12121
12036
12037
12093
12108
12059
12113
12050
11955
12081
12000
12003
11940
12047
12098
11871
11785
12004
12027
11954
12108
12068
12099
12113
12043
12017
12061
11752
12114
11968
11694
12064
12111
12098
12114
12123
11975
12083
11892
12114
11996
11964
11913
11999
12047
12054
11999
12000
12099
11906
11974
12035
11875
12117
12063
12100
12113
11997
11999
12099
12121
12008
12108
12112
12090
12091
12112
12072
11970
12058
11997
12105
12008
12009
12010
12109
12081
11952
12109
12051
11881
12065
12059
11804
12005
12108
11844
12037
12117
12066
12067
11970
12008
12064
11573
11902
11840
12077
12119
12112
11937
11965
12098
12090
12053
12084
12050
12001
12118
11892
12107
11971
12113
11857
12108
12116
12046
12092
11779
11949
12005
12073
11749
11898
11906
12119
11863
12091
12108
12105
12110
12010
12119
12095
11844
12116
12097
12114
11991
12020
12123
12036
11742
11906
12060
12040
12114
11924
12004
11960
11834
12109
12036
12081
11924
12051
12072
12119
12107
11890
11995
12120
11979
12044
11893
12099
11902
12064
11842
12105
12120
12109
12093
11810
12098
11934
12005
12094
12092
12115
12069
12113
11883
12011
12075
12083
12066
12021
11940
12074
12070
12100
12113
12051
11947
11991
12096
12052
12044
11899
11963
11781
12098
11969
12056
12062
12004
11956
11852
11977
12078
12080
12075
12069
12099
12035
12047
12018
11980
12027
11951
12124
12097
12051
11863
12057
12066
12122
12099
12062
12120
12071
11693
11779
12093
12089
12108
12113
11980
11955
12006
11944
12019
11898
11983
12026
12074
12109
11907
12098
12099
12122
11833
11959
12107
12106
11870
11919
11921
12091
12100
11727
12008
11990
12113
12014
12074
12108
11896
12099
12107
12108
12085
12096
11865
11999
12041
12107
12075
12108
12119
11933
11992
12119
11788
12044
12065
11944
12015
12077
11925
11840
12073
11973
12018
12066
12084
12100
12089
12048
11992
11998
12105
12000
12093
11799
11948
11947
12063
12017
11868
12106
12108
12051
12028
11992
12112
12084
12089
12115
12113
12050
11849
12079
12105
12105
11912
12115
11974
12004
12114
11838
11981
12119
12113
12096
12015
11817
12052
12075
11963
11743
12079
12119
12084
12029
12114
12115
11727
12108
11990
12078
11913
12118
12032
12112
11898
12006
12108
12036
12036
11982
11892
12110
12017
12018
11952
12093
11912
12076
12118
12062
11963
12034
12080
12062
12011
12123
12113
12109
11923
12113
12064
12108
12109
11903
12097
12033
12082
12066
12109
11812
12063
11926
11989
11813
12099
11949
12108
11912
12068
11849
11953
12099
12098
11923
11949
12092
11989
12023
12105
12084
11843
12051
12045
12108
11924
12092
12119
11995
12056
12106
12108
11881
12114
12081
12114
11816
12025
12076
12099
12062
12099
12081
12119
11717
11849
12027
11693
12112
12080
11851
12098
12002
12113
12051
11931
12092
12115
11924
11981
12092
12066
11702
11816
11838
11992
11761
12025
11880
11956
12076
11897
12113
12019
12117
12108
11955
11992
11830
12114
12028
12108
12025
12108
11971
11890
12026
11597
12094
11966
12102
11856
12065
11807
11682
12099
12064
12108
11985
11718
12005
12109
11873
12117
12090
12122
12077
12047
12097
12086
12108
11573
12099
12000
12043
12123
12018
11966
11863
11874
11976
12099
12108
11991
12110
12064
12109
12088
11979
12016
12077
11859
11974
12043
12113
12099
12098
12118
12044
11994
12012
12119
12119
11616
12047
12003
12111
12090
12036
11899
11904
11988
12085
12028
11972
12028
11978
11931
11851
12092
12122
12109
11746
11943
12096
11933
12112
11926
12061
11896
12123
12045
12119
11777
12007
12075
12107
12010
12068
12110
12046
11907
11860
11982
11989
11761
12065
12049
12098
11908
12099
11947
12077
12106
11932
11946
12085
12105
12010
12099
12123
12099
11590
12107
12087
11954
12123
12073
11969
11852
12039
12070
11811
11979
11981
12095
12056
12106
11944
11822
12083
12114
11927
11938
12043
12073
11589
11937
12098
12075
12050
12088
11863
11941
11970
12063
12099
12109
12043
12113
12081
12069
12036
11979
11901
12108
11870
12118
12037
12112
12086
12058
11860
12112
12113
11653
11975
11718
12010
12071
12099
12095
11979
12106
12116
12062
12081
11834
11870
12050
12071
12097
12104
11862
11944
12108
12017
11931
12045
11931
12106
11923
12114
12036
12108
12081
11731
11775
12059
12117
12099
11932
12122
11835
12097
11840
12075
12068
12061
12107
11925
11945
11693
12099
12106
12087
11959
12098
11976
11961
11976
12109
11965
12093
12105
12091
11971
