ocp
12153
12154
12131
12145
12111
11962
11981
12065
12115
12151
12107
12094
11956
12033
12087
12141
11862
11993
12032
12112
12014
12078
12082
11888
12093
11837
12128
12131
12091
12020
11976
12018
12074
11842
12130
12113
12115
12115
11817
11784
11636
12135
11912
11933
12011
12150
11967
11719
11924
12006
12141
12104
11885
12131
12061
12120
12042
12118
11910
12127
12063
12108
11943
11666
12021
12113
11803
12091
12132
12063
12133
12028
12138
12102
11800
12059
12032
12050
11886
12143
11799
11770
12149
11818
12007
11631
12119
12143
12148
12145
12052
12071
12148
12024
12052
12012
12102
11903
11827
12107
12124
12144
12098
12005
12154
11990
12138
11948
12021
12002
12089
11909
11780
12069
12002
12077
11868
12133
12120
12120
12104
11993
12049
12154
11994
12150
12120
12149
11769
12023
12110
12120
12079
11966
12122
11993
12143
11992
12123
11975
12118
11995
12078
12112
12089
12025
12073
12115
12027
12059
12094
11797
12027
12103
11970
11976
11652
12110
12156
12040
12146
12135
12145
12120
12080
12144
12124
11832
12101
12136
11994
12069
12105
12071
12152
12068
12002
11696
12049
12149
12033
12132
12094
12073
12032
12077
12012
11994
12136
12109
12103
12154
12156
11637
12120
12146
12045
12093
12100
12136
12016
11965
12085
12003
12151
12128
11988
11713
12132
12128
12157
11910
11979
12118
12145
12066
12144
11918
12147
12101
12092
12118
12139
11838
12148
12148
12114
12144
12132
12155
12106
12052
12023
11965
12120
12145
12146
12155
12135
11844
11912
12156
11677
12052
12068
12145
12120
11796
12109
11921
11927
12143
12117
12143
12133
12093
12016
12140
12120
12071
11613
12128
12079
12092
12123
12100
12151
12079
12132
12139
12108
11804
11970
12098
12150
12038
12119
12142
11875
12150
12132
12007
12092
12156
12146
12065
11892
12055
12135
12028
12054
11943
12149
12016
12151
11939
12146
12107
12132
11695
11926
12133
11624
12107
12016
12038
12139
12092
12062
12114
12093
12141
12007
11675
12115
11952
12059
11860
12151
11897
12065
12035
12148
12018
12096
12037
11922
12144
12143
12157
11956
12120
12063
12142
12023
12035
12150
11796
12083
11994
12134
12012
11924
12064
11792
12117
12133
11988
11922
11863
12079
12099
11919
11941
11820
12002
12133
12131
12144
12113
12015
12045
12119
12146
11972
12111
11962
12131
12146
12113
12150
12146
12125
12128
11860
12091
12120
12017
12042
11882
12028
11951
12081
12001
12072
11975
12138
12132
12091
12058
12009
12156
12145
12102
12153
12127
11944
11941
11917
11786
11816
12021
12018
12096
12110
12111
12014
11866
12044
11807
12146
11974
12062
12106
11927
12151
12131
11799
12108
12019
12022
12143
12007
11947
12119
11941
12103
12138
12081
12103
11720
12028
11985
12143
12132
12137
11993
12099
11650
11841
12094
12085
12136
11912
12078
12016
11939
11938
12118
12117
12109
11952
11706
11885
12033
12062
12154
12122
12133
12115
12079
11986
12032
12059
12037
12075
12084
12085
11934
12084
12149
11829
12100
12156
12141
11987
12109
11922
12120
11995
12037
11993
12031
12151
11891
12113
12124
11957
12034
12052
12049
11915
12136
12137
12150
12115
12052
11725
12114
12093
12096
12015
12080
12146
12114
12104
12155
12133
11806
12032
11940
11937
12063
12100
11901
12140
12150
12149
12068
12123
12016
11833
12128
12101
12073
12097
12068
11845
12130
12058
11944
12067
12117
12113
11956
12118
11915
12117
12135
11961
12086
12124
12107
11792
12093
12119
12097
12028
12077
11753
12009
12150
12024
12083
11987
12134
11910
12045
12093
12057
11940
11973
12062
11932
12122
11794
11925
11951
12149
12137
11966
12006
12150
12030
12081
12074
11905
12033
12135
12064
11991
12157
12145
12076
12145
11890
12102
11994
12140
12139
12112
12120
11916
12042
11785
12049
11996
12146
12040
12093
12036
12071
12139
12107
11907
11897
11987
12058
11974
11993
12142
11963
11931
12123
12130
12133
12122
12098
12155
12133
12044
12142
11995
11732
12120
12145
11827
11989
12150
12057
12086
12081
12154
11891
12106
12134
12046
12102
11716
12120
11870
12103
11970
12150
11712
12081
11943
12012
11819
11766
12132
11985
12055
11739
12127
12028
11890
11993
12128
11866
12068
12043
12110
12010
12145
12100
12016
12087
12090
12086
12093
12070
11804
12145
12120
12033
12152
12146
12068
12119
12067
12073
12122
12083
12145
12041
12007
12094
12032
12028
11768
12125
12100
12145
12090
12014
11781
12085
12023
11923
12064
12037
11999
11889
11725
12156
12134
12071
11911
12083
12150
12150
11613
12122
12106
12119
12093
11944
11729
11886
11675
11794
11716
12108
11923
11956
11967
11866
12081
12145
12080
12136
12101
11802
12057
12132
12057
11968
12114
12037
11794
12087
12137
12093
12055
12143
12078
11901
12155
11727
12045
11722
12087
12007
12147
11990
12112
12065
11727
12108
11988
12114
12038
12101
12114
11994
12148
11979
12062
11828
11925
12070
12017
12079
12128
12145
11720
11984
11674
12133
12154
12145
11935
12133
11991
12016
11938
12146
12091
12123
12002
12156
12147
12050
11816
11999
12137
12034
12027
12073
12146
12125
12142
12073
12096
12073
12125
11827
12085
12052
12095
11957
12069
12157
11886
12069
12116
11790
11666
11818
11805
11882
11838
12101
11613
12102
12142
12020
12151
11962
12133
12097
12074
12062
12130
12077
12071
12154
12146
11714
11819
11952
11933
12101
12138
12124
12048
12090
12026
12151
12146
11920
11868
12093
11974
11828
12139
12106
12133
12088
11972
12150
12089
11894
12133
12109
12101
12140
12096
12144
12091
12065
12121
12110
12076
11981
12150
11945
11940
12074
12120
12068
12110
12108
12146
12120
11961
11993
12146
11898
12146
12151
11866
12120
11935
11855
12144
12019
11717
11957
12048
12134
12098
11998
12131
12120
11922
12044
12086
12079
11973
12132
12135
11942
12105
11617
11929
11916
12093
12076
12133
12125
12134
11792
11772
12117
12115
12136
11810
12096
12079
12120
12086
12120
12102
12011
12090
12134
12120
12121
12065
12154
12138
12059
11755
11858
12068
12157
12143
12094
12153
12120
12127
12084
11732
12125
11877
11962
12117
12126
11936
12145
11894
11904
11994
11994
12022
12071
12110
11892
12077
12121
12080
12144
12093
12136
12056
12079
12044
11676
11992
12092
12084
12038
12122
12058
12077
12155
12033
12100
11927
12031
12103
11696
12150
12120
12031
12070
12099
12135
