ocp
11756
12102
12145
11868
12148
12061
12106
12124
12106
12030
12074
11936
11961
11910
12068
12148
12071
12044
12063
12063
12042
12145
12100
12145
12084
11737
12090
12128
12152
12148
12080
12120
12140
12107
12106
12136
11989
11937
11755
12027
11749
12140
11922
11958
12003
12144
12089
11986
11660
11972
11978
12135
12059
11985
11780
12151
12099
11975
12075
12138
12123
12026
11941
12041
11726
12059
12153
12151
12049
12142
12120
12127
11661
12003
12053
11998
12128
11962
12081
12145
12005
11903
12101
11940
12104
11934
11940
11873
11999
12048
12007
12031
12070
12101
12068
11916
12026
12100
12123
12128
11856
12026
12023
12126
12127
12080
11945
11806
12144
11996
12086
12124
11918
12091
12115
12100
12148
11909
11972
12146
11904
11871
12073
12128
11932
11982
12134
11850
12025
12136
12107
12119
12149
12088
12080
12131
12001
11928
12120
12123
12008
11937
11853
11980
11940
12074
12136
11681
12130
11818
11990
12112
11874
11891
12119
12107
12135
11885
11935
12094
11997
11917
12085
12153
11840
12088
12155
12155
11909
12084
12103
12106
12011
12049
12028
12143
11977
12117
12075
11995
12123
12129
12023
12103
12154
12140
12139
12127
12134
12007
12154
12134
11808
12096
11940
12047
12067
12091
12048
12105
12086
12121
12047
12139
12044
12140
11922
12064
12056
12106
12147
12121
11872
12001
12077
12010
12146
12040
11611
12144
12155
12027
11949
12154
11937
11935
11842
12145
12007
12089
12076
12118
12143
11936
11845
11803
11971
11911
12111
12030
12089
12128
12156
12124
12098
12075
12134
12129
11792
11780
12102
12131
12123
12111
11979
12025
12117
11962
12155
12026
12100
12137
11907
12026
12086
11796
12048
12012
12134
12134
11999
12089
12006
12120
12104
11982
12147
12048
11998
12091
12135
12147
11929
12047
12123
12093
12124
12006
12092
12047
12036
12144
11965
11950
12079
12113
11775
12112
12023
12154
12091
11753
12134
12100
12147
12126
12036
12152
12074
12013
12026
12020
12030
12124
12010
12123
12102
11997
12103
12123
12059
12123
12120
11949
12090
12125
12075
12113
12108
11936
12052
12103
12091
12086
12073
12023
12103
11960
12128
12119
11971
12114
12021
12127
12100
12128
12085
11798
12148
11962
12072
11716
12089
11977
12119
11899
12062
11990
11785
11919
12148
11931
12153
12050
12053
11940
12097
11982
12020
11926
12121
11978
12073
11973
12057
12127
11874
12131
12112
12073
12089
12061
11963
12117
12127
12123
11809
12148
12054
12153
12137
11810
12090
12155
12078
12102
12076
12002
12004
12107
12108
12134
12027
11997
12084
11835
12088
11981
12113
12005
11879
12136
12156
11895
11973
12086
12086
12086
12132
12072
12107
11886
12010
12009
12060
12135
12037
12150
12120
11729
12048
12147
12140
12089
12054
11662
12107
11834
12009
12154
12108
12085
12138
12014
12129
11977
12072
12121
12097
11924
11731
11869
12036
12145
12103
11935
12089
12016
12083
12089
12029
12116
12102
11800
12089
12155
12155
12090
11980
12107
11887
12144
11728
12078
12145
11754
11978
11748
12108
11765
12148
11980
12052
12147
12127
11995
12125
12091
12058
11774
12136
12018
12078
12126
12100
12085
12018
12080
11940
12106
11742
12136
12131
12008
11916
12137
12101
12108
12086
12059
12106
12025
12123
12047
12135
11993
12075
12117
11663
12059
12025
12059
12104
12077
11933
12102
12056
11854
12084
12154
12051
12046
12074
12118
11953
12100
11974
11973
12122
11882
12109
12013
12101
11842
12077
12140
12088
12142
11866
12106
11937
12046
11996
11948
12129
12044
12089
12086
11995
11696
12103
12149
12109
11921
12135
12040
11978
12089
12154
11965
12063
12018
12102
12154
11973
11873
12040
12078
12045
12058
11899
11758
12108
12121
11943
12000
11819
12149
11715
12096
12136
12107
11999
11886
12140
12099
11978
11975
11680
12073
11763
12149
12131
12145
11941
11804
12009
12052
11791
12154
12083
12112
11832
12055
11865
12025
12062
12060
12044
12063
12123
12087
12070
12022
11976
11961
11990
12098
11993
12077
12141
11731
12026
12009
12147
12004
12105
12082
12098
11918
12062
11854
12132
12026
11923
12113
12026
12026
12131
12121
12036
12101
12134
12103
12127
11834
12135
12025
12144
12081
12132
11972
12017
12128
12095
11998
12129
11947
12053
11949
12154
11874
11923
11966
11796
11985
12090
12146
11875
11655
12075
12020
12149
12014
12120
12140
12106
11774
12101
12072
12086
12137
12126
11785
12115
12154
12063
12126
12141
12145
12077
12131
11837
12134
12144
12111
12151
12112
12155
12026
11776
12149
12124
12013
12095
11982
12149
11641
12083
12010
12093
11836
12127
12148
12119
11921
11972
12128
12148
12109
12124
12076
12109
12057
12104
12154
12084
12140
12127
12117
12037
11868
12095
12056
11999
12036
11611
12063
12014
12027
12098
11961
12131
11994
12106
11857
12118
12004
12127
12151
12147
11935
11989
11897
12016
12072
12147
11853
12140
12032
12146
12070
12026
12059
12119
12009
12140
12049
11922
11699
12145
12085
12154
12065
12052
12055
12050
12074
11766
12141
12076
12011
12111
12107
12028
11969
11966
12004
11903
12000
12149
12102
12005
12079
12102
12124
11869
11939
12026
12124
12127
12090
12000
12052
11893
12128
12060
12026
12147
12153
12120
11916
11832
12067
12082
11632
12102
12106
12118
12135
11973
12125
12154
12089
12046
12063
11876
12127
12111
12089
12028
12134
12131
12123
12083
12046
11991
12106
12087
12120
11989
11804
11789
12054
12076
12103
12046
11916
11824
12148
12089
12146
12144
12154
12148
12019
11748
11949
12097
12011
12154
12111
11661
12093
11683
12048
12123
12145
12085
12034
12137
12126
12154
11789
11931
12135
12089
11956
12107
12127
12148
12094
12095
12126
11659
12084
11964
12148
12128
12144
11765
12140
11960
12089
12020
11863
12063
12135
12145
12096
12064
11753
12153
12106
12137
12040
12107
11979
12004
12127
12110
11766
12106
12134
12093
12147
12075
12028
12136
12128
12013
12039
12109
12124
12147
12144
12026
12130
12123
11972
12154
11971
11943
12135
12127
12020
11973
12058
11873
11779
11878
11813
12062
12146
12126
12150
12124
11911
11785
12149
12083
11866
11892
11930
12126
12100
12147
11941
12047
11995
11943
12121
11817
11884
11863
12004
12150
12121
12096
12031
11901
12153
12060
11930
12144
12025
11974
12058
11960
11895
12071
12147
12128
12056
11879
11773
11873
12106
12126
12131
