ocp
11887
11788
12048
12036
12040
11957
12095
12096
11925
11612
12043
12044
12005
12089
11755
12074
11982
12031
12094
12018
11784
12034
12097
11998
12098
11903
12009
12026
12068
11841
12045
12001
12029
12039
12030
11835
12000
12071
11889
12085
12080
12013
11928
12076
12052
12042
11748
12054
11922
11622
12028
12086
12078
12054
12008
12088
11977
12088
11871
12064
12087
12073
11956
12078
12094
12079
11979
12066
11829
12097
12064
12066
12092
11793
11997
11867
12021
12093
12074
12028
12068
12015
12046
11804
12041
11923
11975
12018
12045
11734
11939
12005
12036
11885
12052
12093
12092
12014
11762
11769
11825
11824
11972
12044
12066
12088
12082
11936
11830
11881
12077
12089
11783
12032
12070
12030
12087
12035
12013
12099
12041
11972
12045
11844
12082
11970
12061
11659
12081
11969
12015
11996
12085
12026
12055
12075
12026
11759
11888
12095
12096
12063
12053
12053
12089
11888
12094
12010
12059
11969
12075
12031
12088
12040
12010
12066
11852
12073
12008
11957
11901
11969
11719
11938
11982
11976
11836
12029
12036
12072
11795
12058
12095
12094
11943
11880
12057
11989
11933
11996
12070
12095
12056
12074
12094
12038
11961
12045
11956
12051
11984
11929
12097
12039
12068
11984
12098
12065
11842
12067
11972
12039
12048
12095
12075
11809
12005
11872
11983
12058
11903
11812
12097
11958
11892
11956
11890
12082
11897
12032
11732
12009
12041
12060
11891
12051
11838
11941
12041
12079
12001
11588
12011
12069
12070
11883
11986
12053
11808
11945
12012
12074
11988
12074
12069
12060
12078
11971
11892
12095
12093
12059
11741
11962
12069
11987
12074
12079
12069
12055
12000
11882
12092
12080
12075
11852
12094
12008
11912
12026
11691
12017
11944
11789
12017
11976
11707
12055
11973
12047
11764
12065
12093
12050
12093
12000
12097
12044
11982
12030
11914
12078
11852
12076
12073
11672
11917
12014
11931
11853
12030
12023
11889
12094
12093
12079
12018
11790
12065
11996
11956
12024
12091
12061
12072
12093
12096
11965
11957
12094
12095
11756
12013
11981
12087
11991
12092
11912
12058
11920
11852
11912
11946
12088
11911
12084
11913
11989
12060
11981
12004
11628
12000
12076
12079
11970
12094
11976
12047
12037
12094
12014
12094
12067
12092
12010
12052
12084
12047
11836
12097
12078
11996
11810
11893
12050
11956
11777
11941
11808
12047
12066
11999
11955
12069
12069
12017
11962
12069
12091
12028
12074
12039
11701
12004
12086
11911
12045
12091
12023
11904
12000
12097
11841
12076
11819
11922
11969
11760
11755
11734
11999
12069
11979
12024
11697
12094
12095
12008
12038
12093
12066
12093
12093
12089
12051
12064
12079
11959
12023
11960
12075
12069
11975
12091
11595
12095
12098
11885
11917
11932
11859
11880
11609
12064
12062
12094
12033
11958
12094
12097
12082
12081
11935
11778
11902
12043
12085
12098
12094
11829
12033
12033
11750
11697
12030
12072
12082
11915
12056
11980
12039
12071
12017
12030
12086
12019
12004
12021
12052
11888
11999
12070
11906
11800
12057
12072
11911
11582
12068
11834
12050
12070
12021
11989
12083
12057
11940
11775
12066
12055
12058
12052
11695
12094
12070
11964
12045
12070
12019
11883
12015
12066
11902
12066
12055
12086
12070
12031
12086
12065
12086
12053
12026
12046
12043
11897
12019
11908
12099
12056
12076
12090
11914
11824
12094
11853
11978
11971
12029
12040
12060
12095
12052
12051
11836
11918
12091
12052
12095
12054
12099
12034
12091
12098
12091
12077
12080
12082
11963
11946
11904
12043
12097
11750
11788
12005
12026
12077
12070
12078
12003
12045
12044
12080
12083
11602
11996
11998
12029
12073
11949
12026
12054
12076
11676
12091
11957
11761
11867
12078
11943
11976
11932
12094
12045
12049
12071
12095
12051
12072
12094
12096
12076
11820
11910
12045
12081
11776
12045
11817
11694
12079
12004
11730
12069
12060
11926
12087
11675
12074
11963
12096
11989
12007
11886
12092
11983
12008
11923
11802
11938
12012
11956
12065
11962
11634
12038
12031
12083
12057
12024
11847
11932
12087
12029
11961
12095
12018
11957
11968
11767
11984
11890
12064
12093
12087
11689
11986
12085
12082
12094
12012
12071
11790
12028
11661
12080
12091
12088
11961
11955
12054
11916
11854
12065
12087
11711
12080
11985
12074
11817
12084
11830
11872
12028
11955
12075
11978
12091
12074
12083
12076
11982
12076
12018
12013
12044
11916
12026
11920
11822
11894
12011
12012
11851
12051
12073
12099
12069
12095
12018
12024
12067
12096
12064
11718
12085
12070
12011
11618
12067
11949
12078
11899
12090
11890
11922
12082
11874
11995
12091
11970
12053
12040
12095
12059
12050
11942
11936
12026
12006
12093
11983
12012
12033
11861
12093
12070
11891
11788
11872
12082
12074
12087
12031
11997
11831
11877
12094
12091
12096
12070
11989
11938
12015
12099
12094
11846
11884
12024
11999
12091
12033
11793
11903
11920
12084
11997
11869
12045
12068
12002
11899
12009
12056
12082
12087
11939
11932
11687
12085
12017
12042
11732
11925
12085
12073
11797
11778
11791
12074
11698
12024
12093
12073
11985
12077
12045
11928
12038
12062
11946
12097
12045
12052
12068
12006
12013
12070
12059
11710
12075
12045
11637
12070
11644
12004
12000
12054
12052
12083
11623
12052
11876
12011
12051
12016
12083
12091
12074
12088
12079
12038
11960
11596
12047
12004
11854
12094
12078
12095
12074
11805
12093
12071
12036
12094
12043
11772
12054
12005
12078
11767
12073
11801
11830
12031
11935
11981
12035
12064
12066
11927
12061
11829
12034
11635
11903
11931
12077
12034
12075
12091
12040
12093
12038
12078
11831
11984
11637
12079
11915
12018
12024
12018
11808
11936
11942
12004
12005
11880
11923
12093
12050
12054
12022
11817
12085
12023
12059
12074
11930
12040
12054
11952
11982
12040
12040
11997
12092
11913
11938
12037
12075
12094
12070
11804
12056
11984
11912
12094
12061
12026
12028
12066
12083
12059
12095
12078
11794
12017
12003
12082
11972
12069
12045
12085
12003
12069
11595
11924
12082
11845
12067
12080
12052
11982
11837
12012
12000
12077
12094
11952
11935
11997
12059
11824
12013
11984
12094
12029
12093
11901
12032
11713
11747
12039
11852
12082
11994
12093
12070
12097
12097
12029
11956
11731
11800
12066
12088
12039
12040
12097
12007
12092
12040
12049
11687
11722
12075
11780
11686
12066
12059
12060
11762
11892
11946
11848
