ocp
12091
12115
11981
11768
12097
12098
11730
12071
12092
11961
12077
12034
12039
12103
12129
11962
12083
11990
12070
12104
12096
12105
11976
12120
12085
12078
12119
11759
12120
12047
12109
12119
11919
11799
12011
12118
12117
12110
12097
12118
12095
12011
11945
12103
12089
11994
11893
11990
12082
12055
11996
12119
11816
12122
11988
12088
12038
11709
12113
12118
11996
12062
11901
12015
12123
12111
12128
12091
12075
12091
11942
12055
11937
11910
11937
12119
11601
11980
12036
12029
12035
12076
11901
11915
11882
12083
12097
12062
12119
11807
12001
11943
12117
11979
12046
12081
12111
11972
11671
12108
12123
12115
11962
12012
12111
12126
12120
11920
11835
12087
12117
12124
12019
12057
11989
12122
11723
12096
11776
12087
11929
11858
12007
12073
12010
12119
11909
11950
12111
12120
11996
12112
12067
12110
12119
11802
12044
11822
12055
12118
12121
12097
12118
11902
12115
12120
11888
12098
12082
12107
12120
12097
11757
11690
12093
12055
12116
12074
12111
11650
12118
12114
12076
12062
12106
12099
12061
11847
11781
11813
11928
12118
12097
12117
12108
12116
12105
11834
12093
12121
11887
11937
11835
12076
11960
12120
11801
11954
12115
12013
12026
12106
11934
11609
12093
11968
12052
12061
12111
12116
12024
11751
12115
11896
12115
12065
12093
12077
12114
12025
12075
11808
12029
12115
12076
12061
11780
11965
11994
12022
12120
12013
11925
12110
12096
12011
12119
12117
11908
11929
12093
12039
12127
12021
12119
12110
12123
12117
12091
11988
12120
12090
12097
11964
11975
12080
12061
11981
12109
11769
12050
12120
12121
12119
12084
11658
12007
12079
12097
12092
12010
11803
12036
12071
12047
11864
12120
12062
11938
12022
11801
12028
12039
11981
11828
12109
12111
11943
12059
12108
11718
12113
12126
12120
12116
11928
11976
12108
12095
12076
11938
12120
12098
12115
12060
12115
12017
12087
12121
11874
11619
12022
12076
12119
11899
12120
11956
12120
12115
12092
12050
11896
12115
12071
12111
12000
11757
12124
12120
11996
12110
12021
12120
11917
12119
12006
11701
11955
11957
12111
12092
11975
12099
12117
12108
12118
12120
12092
11793
12123
12040
12122
11974
11942
12128
12121
11864
12111
12025
12050
12116
11976
12096
12051
12120
12128
12035
12072
12104
12124
12111
11964
11774
12123
11609
11974
11727
11932
11909
12123
12018
12002
12039
11863
12097
12123
12088
11933
12023
12118
12035
12120
12106
11610
12037
11887
12093
12080
12056
12055
12101
12067
12115
12059
11955
12019
12024
11909
12104
11922
12086
12111
11959
12096
12102
12059
12033
12097
12090
12111
11716
12092
12116
11776
11842
12120
11924
11932
12072
11941
12091
12027
12046
12074
12099
12117
12118
12005
12099
12107
12121
12120
12018
12011
11975
12070
12051
12118
12113
12092
11942
12112
12099
11967
12037
11969
12121
12061
11999
11836
12110
11933
12012
12119
11988
12095
12122
11966
11946
12050
12113
12109
12115
12096
12122
12112
12074
11981
12006
12061
12096
12090
12108
12108
12120
12110
12118
12116
12118
12105
12096
12070
12092
12075
12115
12123
12100
11872
12066
12032
11751
12063
11918
12033
12118
11764
12042
12121
12076
11818
12059
11844
12022
12048
11812
12129
12005
11971
12113
12061
12111
11969
12102
11884
12091
11758
12094
12078
12128
12000
12108
12037
12082
12119
11673
12037
12055
11797
12113
11692
11943
12120
11917
12123
12115
12016
11965
12102
11925
11908
12117
12114
12115
12070
12105
12122
11826
12120
12115
12116
11987
12036
12110
12049
12072
12110
12052
11807
11871
12010
12120
12099
12127
12092
12000
12119
11861
12076
12109
11988
12099
11794
12005
11886
12119
12120
12053
11909
12120
11901
12119
11943
11977
12110
12070
12112
11974
11869
11683
12119
11997
12023
12119
12093
12068
12071
12062
12118
11664
11850
11875
12054
12102
11745
12102
12050
11878
12068
12118
12116
12001
11988
11964
12098
12071
12114
11808
12050
11867
11708
12107
12018
12113
12120
12048
11795
12040
12105
11937
12067
12054
12117
11955
12114
12054
12092
12020
12023
12097
12099
11830
11797
11808
12050
11716
12081
11901
12108
11955
12043
12115
11874
12118
12120
11945
12063
11982
12120
12067
11995
12017
12119
12128
11920
11979
12109
11912
11742
12114
11974
11934
12128
12115
11776
12089
11695
11913
12115
11996
11958
12022
11926
12124
12117
12116
12070
12040
12008
11965
12120
12113
12119
11771
12116
11919
12038
12120
11971
11948
12129
12059
12119
11935
11912
12036
12076
12114
12120
12108
12120
12100
11911
12082
11895
12111
12061
12120
12061
12113
11974
11881
11692
11975
12120
12125
12001
12103
12120
11828
12116
12120
12120
12093
12059
12116
11952
11601
11781
12065
12058
12117
12061
11894
12099
12041
11947
12120
11952
12115
12109
11993
12127
12039
12116
12070
12116
12115
12055
12055
11990
12126
11949
11982
12093
11975
12021
12051
12055
12119
12111
12115
11759
11867
11942
12085
12097
12119
12124
12120
12047
12113
11958
12115
12061
12119
12092
11982
11970
12111
12061
11926
12097
12100
11868
12115
12055
12060
12111
11980
12079
12121
11928
12114
11988
12108
12084
11942
12120
12115
12121
11984
12092
11758
11964
11767
12105
12098
12092
12062
11938
12129
12013
12128
12102
12121
12120
11831
12049
12000
12027
11957
12107
12120
12109
12005
11996
12073
12118
12110
11928
12106
12026
12119
11960
12096
12096
11985
11980
12102
11955
12019
12122
11988
12004
12080
11939
12047
12050
12109
12126
11878
11866
12116
12006
12115
12128
12113
12120
12047
11809
12087
11961
11998
12037
12054
11963
12099
12101
12038
11727
11759
12055
11875
12116
12106
12039
11607
12069
11999
11909
11819
12110
12097
12113
12120
12068
11740
12049
12000
12122
12119
11901
12047
12006
12050
12122
11832
12117
12120
12108
12124
12060
11656
12072
12039
11933
11887
12013
12096
12104
12061
12023
12097
12096
11921
11942
12109
12047
12127
11827
12037
12002
12030
12088
12115
12120
12120
11967
12025
12115
11993
11803
12092
12105
12058
11936
12025
12118
12098
12105
12116
12102
12112
12115
11966
12095
11976
12010
12116
12027
12120
11893
12011
12111
11925
11975
12092
12117
12108
12114
12070
12067
12119
11760
12120
12124
12037
12119
12076
11930
12124
12129
12121
12030
11974
11750
11956
12080
12037
11995
12055
12047
12098
11901
11989
11714
12126
11947
12119
11866
