ocp
11790
12051
12000
12118
12101
12099
12105
12128
12117
11911
11805
12122
12091
11692
12054
11890
12027
12137
12071
11825
12122
12134
12116
12082
11925
12083
12069
12062
12105
11941
12053
11976
12069
11926
12133
12135
12076
12110
12113
12066
12046
12135
12120
12029
12074
12130
12049
12118
11770
12097
12097
11800
11817
12134
11810
12038
12049
12044
11852
11638
11789
12110
11707
11928
12073
12097
12133
12057
12080
12125
11965
12092
11645
11978
11821
12125
12105
11993
11960
11912
11861
11904
12099
12081
12122
12109
12065
12113
12080
12032
12132
12116
12135
12135
11840
12096
11969
12121
12097
12038
12043
12078
12126
12072
11916
12132
12105
12041
12110
12121
12121
11803
12062
12061
12072
12072
12137
11742
12051
12101
12071
12123
11969
11992
12089
12002
12024
11863
12000
12058
11975
12068
11953
12032
12022
12045
11871
12121
11970
11856
12110
12105
12122
12078
11986
11822
12134
11923
12012
12030
12135
12111
11776
12057
12056
12120
12003
12046
12122
11981
12115
12096
12111
12109
12037
12028
12071
12126
11905
12084
12137
11996
12055
12106
11664
12108
12041
11968
11962
12097
12118
12115
12100
12134
12090
12135
11980
12110
12100
12044
12102
12045
11817
12131
12116
12123
11933
11995
12100
11888
12115
12134
12130
12127
11740
11882
12099
12033
12076
11918
12054
12127
11746
11765
12056
12059
12075
12072
11842
11995
11971
12004
12122
12068
12062
11885
12104
12083
11975
12028
11997
12060
12099
12033
11965
11843
12114
12132
12077
12017
12069
12133
12131
12089
11797
12039
11922
12066
12117
12024
12125
12016
12023
12114
12128
11846
12062
11915
12110
12110
11967
11917
12105
12118
11952
12040
12078
12046
11962
11713
12136
11992
12052
12123
12016
12026
12056
12120
12078
12100
12134
12107
12063
12106
12134
11993
12099
11822
12049
11997
12097
12072
12081
12110
11857
12040
11897
12074
12122
12116
12130
12107
12001
12135
12050
12112
11974
11995
12122
11657
12109
12131
12105
12043
12136
11865
12135
11980
11833
12046
12071
12135
11931
12111
12072
12080
12048
12080
12118
12087
12032
11915
12103
12134
12059
12114
11808
12135
12106
12118
12109
12055
12043
11995
12126
12074
12061
12101
12029
12033
12105
12118
12106
12109
11846
12089
12102
12067
12031
11972
12122
12115
12072
12120
12107
11958
12116
12137
12117
12022
12007
11684
12104
12107
12070
12051
12007
12127
11793
12099
11706
12006
12025
12075
12115
12135
12006
12124
11995
11965
12039
12127
12131
12024
11977
12126
11889
11954
11845
11938
11860
12026
12062
12089
12120
12105
12086
12098
11844
11865
12083
11934
12054
11953
12121
12106
12029
12112
11995
11926
12113
11907
12037
12114
12078
12128
12027
12107
12092
11834
12090
12098
11898
12054
11969
12098
12135
12136
12098
12050
12077
12106
12012
12016
11798
11646
11967
12110
12130
12013
12037
12050
11783
12111
11818
11896
12110
11886
12064
12112
11942
11989
11891
12124
12096
11834
11666
11901
12055
11995
12076
11718
12072
12024
12134
12112
12015
12127
12117
11958
12101
12029
11948
12025
12100
12131
11680
11882
12078
11875
12077
12069
12105
12119
11982
12103
11759
11985
12100
11833
12105
12131
12054
11994
12077
12105
12098
12116
12055
12061
12056
12113
12072
11945
12094
12080
12048
12138
12135
12092
12109
12099
12123
12112
12110
12096
12109
12064
11678
12088
12013
12125
12077
11699
12099
12008
12125
12135
11950
12115
12030
11956
12061
11763
12038
12096
12015
12103
11962
12115
11684
11965
11979
12030
12101
11764
12056
12119
12135
12115
12100
12131
12127
11793
12081
12058
12053
12113
12122
12120
12105
11871
12069
12113
11822
11884
12130
12037
12074
12054
12134
11920
12055
12102
12032
12025
12118
11815
12103
12094
12075
12113
12021
12056
11818
12109
12078
12024
12094
12079
12072
12066
11910
12089
12002
12038
11961
12015
12095
11976
11931
12056
12026
12095
12107
12067
11942
11926
12032
11951
12116
11993
11952
12119
11941
11850
12112
12103
12116
12096
11974
12036
11975
11890
12118
12000
11952
11876
12111
11918
11856
12134
12102
12067
12107
12137
12106
12107
11931
11942
11927
11948
12094
12002
12033
11955
12109
12082
11944
11934
11965
12130
12126
11712
12118
12105
12115
12094
12134
12128
11918
12034
12081
11761
11985
11926
12086
12008
11949
11875
12135
12118
12056
12135
12040
11812
12137
12056
12137
12122
12134
12112
12131
12101
11822
12113
12127
12121
11869
12025
11909
12059
12029
12132
11918
12127
12080
12080
12020
12078
12107
12122
12005
12071
11900
11837
12108
12091
11997
12102
12124
11956
12038
12027
12004
12053
12138
12012
12067
12086
12118
12106
11874
12069
12127
12033
12027
12023
12038
11676
12110
12133
11990
11838
12094
12101
11879
12098
12051
11733
12135
11917
12109
12116
12080
12097
12078
12012
12056
11809
12106
11853
12043
12084
12114
12131
12052
12054
11732
12037
12014
12117
11980
12083
12020
12093
11938
11833
12135
11994
12084
12014
11941
11921
12121
12101
12109
12038
11925
12107
12056
12055
12078
11797
12128
12130
11969
11852
11999
11653
11891
12119
11622
12131
12007
12133
11808
11964
12058
12111
11998
12122
11923
12071
12037
12109
12119
11758
12053
12046
11963
11953
12033
11917
11810
11934
12050
12135
12094
12033
11866
12099
11816
12099
12106
12121
12020
11734
11865
12120
11796
12017
12126
12094
12045
11999
11758
11997
11817
12113
11943
11870
11914
11946
11964
12061
11985
12123
12098
11820
12106
11599
12134
12059
12079
11894
12056
11821
12048
12133
12116
12133
11907
12103
11926
12067
12107
12047
12047
11885
11748
11761
11967
11998
12085
11937
12117
12119
12118
12072
12107
12121
12126
11815
11716
12045
12029
11725
12105
12056
12119
11984
12001
11954
11857
12120
11983
12046
12021
12111
12025
11922
11852
12075
11669
12097
12054
12097
12123
12038
12002
11972
12090
11951
12134
12125
12025
12126
11941
12067
12118
12005
12102
11926
12102
11978
11949
11938
12106
12119
11853
12113
12056
12091
12117
12090
11886
12047
12012
11604
12120
12103
12073
12103
12055
12108
12120
11781
12074
12118
11884
12119
11991
11612
12133
11612
12132
11972
12087
11924
12024
12125
12071
12030
11858
11965
12077
11673
12127
11818
12059
12073
11923
12109
12115
12049
12096
12080
12020
11867
11971
12131
11614
12024
11769
12118
11923
12075
12129
11974
