ocp
11991
12047
11842
12109
11838
11982
12089
12091
12048
11708
12057
12036
12120
12024
12066
12115
11834
12064
12121
11988
12055
12120
12062
12099
11832
12054
12120
11860
11833
11608
12120
11997
12098
11627
11642
12099
11929
11981
12121
12117
12116
12056
12014
11786
12112
12025
12107
11989
12069
11957
11645
11830
11962
12113
11971
11911
12060
12066
12102
12078
12114
12098
12121
11725
12119
12071
12105
12115
11870
12069
12076
12115
12004
12014
12081
12035
12063
12114
12100
12069
12075
12083
11856
12074
12059
11983
11974
11993
12101
11830
11883
12057
11805
12097
12095
12056
12079
12090
12120
11638
12118
11983
11899
12053
12065
12058
11972
11878
12118
12073
11876
12055
12120
11973
12052
11966
12112
12027
12110
12057
11775
12115
12092
11906
12091
11848
11723
12054
12045
11975
12034
11884
12042
11833
12100
12041
12100
12105
12118
12018
12121
12120
11880
11969
12055
11998
11981
12053
12095
12086
11910
12095
12067
12112
12090
12037
12106
12021
12053
12112
11744
12105
12089
12077
12115
12115
11857
12095
12089
11717
11780
12000
12098
12068
12086
12109
12113
12112
11875
12056
12070
11974
12111
12049
12045
12094
12090
12086
12039
12019
12115
12105
12008
12083
12117
11985
11822
12040
12104
11755
12065
12020
12112
12099
12112
12104
11655
12026
12055
11989
11986
11747
11696
12077
12065
12077
12122
12119
11685
12100
12121
12027
12023
12003
12070
12099
11840
12111
12097
11855
11965
11822
12067
12095
11864
12045
12042
11996
12071
11860
11966
11889
12102
12008
12098
12037
12103
12049
11717
12120
12108
11958
12102
12044
12070
11797
12022
12119
11719
12105
11951
12061
12038
12088
12045
12097
12007
12050
12111
11854
12121
12107
11975
11921
12110
11968
12121
11803
12031
12095
11901
11608
12101
11982
12035
12039
11761
12070
12066
12118
12121
12048
11937
11699
12120
12086
12025
12071
12008
12086
11859
12017
11876
11865
12116
12073
12083
12056
11991
12111
11862
11913
11919
12055
12112
11722
12080
11953
11920
11881
11753
12051
11968
12083
11951
11979
12090
12045
12096
12078
11946
12121
12098
12118
12100
12041
12121
12116
11928
12123
12074
12120
12085
12073
12090
11966
12098
12064
12069
12116
12096
11769
12051
12102
12049
11957
12105
12069
12044
11884
12094
11920
11854
11757
11889
11989
12109
12075
11936
12077
11981
12087
12002
12097
11715
11750
11968
11749
12037
11863
12059
12071
11713
12078
11655
11947
11988
12010
12054
12094
12120
12100
12101
11958
11756
12119
12115
11842
12110
12102
12024
12122
11677
12107
11919
11965
11918
11909
12095
12079
12107
11751
12076
12121
12055
12073
12101
11852
12113
12099
12035
12102
12121
12073
11757
11873
11632
12021
12121
11951
11663
12122
12089
12106
12063
12081
11983
12060
11680
11985
12037
12044
11746
11840
12055
12073
12122
12091
11833
11787
11759
11619
12040
11970
12099
11872
12011
12014
11886
12096
12119
11962
11903
12091
12026
11981
12116
12119
12091
12099
11756
12008
11859
12120
12122
12115
11702
12078
12074
11844
12095
11984
11842
12055
12037
11719
12045
12040
11957
11885
12116
11876
12107
12037
11728
11864
12109
12121
11921
12068
12096
11717
12099
11694
12041
12073
11851
12103
12122
12098
12040
12110
11923
12060
12047
12073
12017
12061
12045
11842
12012
11758
12112
11996
11935
12038
12118
12104
11971
11723
11912
12096
11930
12084
12008
12042
11861
12062
12094
11942
12040
12113
12096
12055
12022
12055
12032
12112
12082
12097
12102
12119
12018
12099
12010
11920
11717
12101
11873
12091
12010
12071
12095
12028
11931
12059
12082
12105
12004
11812
12074
12038
12077
12083
12050
12039
11982
12118
11817
12098
12099
11630
12006
11976
11705
12095
12013
11876
11842
12006
12050
12037
12055
12120
12091
12121
11902
11913
12096
12091
11804
11997
11901
12108
12055
12102
11927
12120
11897
11958
12071
11851
12008
12013
12114
12119
12102
12026
12057
11967
12115
12046
12090
12114
12037
11717
12112
12107
12096
12121
11841
12074
12121
12041
12028
11725
12055
12104
12010
12086
12109
12054
11831
12118
12105
12119
11935
12091
11757
12115
12040
12096
11965
11941
12036
11698
11840
12071
11710
12099
12077
12056
11799
12086
11701
11903
12092
12057
11876
12112
12013
12064
11919
12064
12031
12084
12104
11768
12028
12099
11966
11947
11718
12076
11840
11959
12119
11916
12105
12040
12078
11823
12011
12088
12077
12099
12029
12064
11889
11804
11687
12115
11713
12035
12051
11957
12010
12115
12010
12087
11802
12078
11879
11960
12105
12122
12043
12111
12056
12099
11979
12067
12116
12004
12110
12100
11838
12077
12022
11991
11883
12040
11987
12015
11648
11982
11880
12105
11982
12089
12040
11863
11822
12007
11908
12119
12099
11955
12008
11767
11959
12048
12091
12091
12024
11846
11965
12078
12106
12000
11974
11940
12098
11937
12048
12054
11909
12061
11995
12045
12004
11727
11839
11916
12083
12070
12094
12105
12116
11980
12116
12116
12104
12117
12055
12006
11984
12102
11858
12110
12082
12110
11898
12005
11972
12040
12063
12054
12070
12097
12037
12119
11917
12057
12055
11974
12097
12106
11924
11864
12051
12055
11948
12079
11932
11935
12015
11894
11862
12099
12013
12055
12013
12117
12112
12038
12086
12092
12034
11901
11983
12099
12032
11642
12119
12053
12003
11985
12047
12100
12088
12046
11873
11844
11855
12102
12061
11974
12046
12025
11965
11905
12061
12079
11912
11930
12121
12047
12035
12040
12049
11967
12035
12088
11983
11901
12045
12099
12008
12099
11887
11895
12067
12112
12121
12121
11829
12095
11974
12053
11936
11644
12083
12120
12055
12038
12086
12092
11983
12098
11743
12121
11890
12115
12111
12077
12043
11949
12121
12069
12011
12064
12092
12026
11647
12099
12110
12120
11921
12061
12110
12121
12029
11950
11911
12006
11931
11677
11977
12109
12120
11957
12115
12096
12088
12122
12002
12037
12117
12028
12079
12119
11843
11967
11880
12095
12086
12005
12008
11883
12102
12037
12121
12048
12117
12055
11965
12079
12026
11957
11859
12008
11881
12060
12070
11960
12011
12121
12085
12104
12116
12069
12014
11983
12043
12115
12113
12029
11873
12080
11903
12109
12091
12057
12102
12046
12073
11873
11981
12018
11790
12016
12097
11776
11953
11754
11968
11701
12043
11790
11902
12063
12011
12040
12007
11991
11905
12013
12053
11907
