ocp
12110
12065
11922
12099
12061
12102
12051
11767
11965
11900
12082
12010
12085
12065
12042
12059
12032
12097
11820
11835
11936
11952
12111
12042
12104
12055
12084
11821
12089
12098
11990
12117
12026
12106
12083
12004
11970
11712
12089
12063
12013
12098
11999
11713
12064
12025
11839
12095
12026
11591
11965
12101
12097
11872
12030
12041
12063
11763
12046
11975
12048
11859
11963
12117
11917
11870
11650
12037
11916
12067
12115
12118
12002
12055
12089
12108
11770
12117
12025
11968
12053
12085
12060
12042
12084
12095
12089
12111
11947
12074
12069
12084
12100
11845
12025
12048
12118
11968
12061
11963
12078
12086
11929
12107
11922
12086
12024
12086
12065
12097
12045
12116
12077
12063
12096
12119
12065
11901
12054
12062
12098
11737
12087
12018
12043
12104
12005
12001
11867
12078
11916
11766
11811
11873
12057
12042
11976
12116
12030
12045
12084
12042
12111
12091
11996
11895
12104
12118
11960
12065
11899
12118
12049
11927
12050
12099
12083
12088
12040
12095
12006
12060
11962
12095
12035
11898
11985
12118
12062
11643
12033
12116
12035
12012
12097
12049
12083
12017
12070
12095
12087
11767
11996
12083
12057
12018
11710
12118
12049
12063
12009
12077
11908
11784
12114
12058
11889
12022
11958
12012
12055
11657
11994
12049
12085
11972
12094
12051
12020
12085
12095
11712
12072
12102
12116
11966
11954
12053
11681
12043
11630
12059
12117
12094
11849
12098
12098
11814
12077
12098
12096
11807
11990
12034
12117
12053
11801
12101
12095
12038
12034
12119
12097
12107
11869
12026
12095
12037
12092
12101
11738
12070
12096
11982
12060
12028
12095
12084
11986
12081
11736
12089
12115
12096
11922
12057
12103
12117
12057
11959
12112
12118
11952
12096
12003
12064
11938
11848
11678
12118
12097
11934
11892
11974
11961
12119
11991
11983
12072
11997
12096
12090
12070
11962
12032
12114
11998
12097
12044
12084
12052
11799
12020
12000
11931
12118
12048
12078
12004
11972
12015
12041
11962
12024
12024
11631
12100
11800
11910
11977
12021
12084
12020
12115
12088
12051
11866
12069
12059
11948
12044
11934
12118
11952
11933
12075
12108
12016
12058
12114
12087
11655
12117
12116
12032
12096
12047
12109
12116
11953
12107
12117
12053
12108
12100
12029
12115
11980
11977
12107
12039
12118
11963
12103
11591
11805
12022
12092
12096
12079
12115
11618
11910
12076
12109
12115
12108
12048
11990
11800
11837
12091
11980
12096
11995
12102
12117
12003
12055
11964
11938
11700
12119
12085
12025
11889
11997
12100
12095
12044
12118
11911
12112
11876
12113
12010
11946
12100
12097
12114
12060
11612
12117
12099
12094
12109
12091
11892
12102
12110
12029
12117
12039
12095
12092
12079
11810
12035
11860
11898
12107
12039
12056
12051
12094
12096
11880
12060
12080
12098
12118
12001
12082
11998
11981
11895
12070
11819
12044
12089
12077
12084
11963
12041
11985
12012
12026
11972
12024
12068
12103
12104
12096
12098
11996
12103
11696
11854
12098
12084
12078
12044
12011
12045
11808
11826
12010
12081
12101
11827
12081
12079
12021
12079
11882
12019
11744
11914
12119
12016
12083
12088
12092
12014
12055
11977
12078
12113
11994
12008
11853
12096
12065
11859
11822
11994
11799
12092
12049
12097
12077
11852
12109
12053
11870
12011
11997
12100
12020
12119
11606
11877
11913
11644
12107
12110
12106
11831
12106
12003
11720
11988
12116
12104
11974
12119
11966
12059
12104
12110
12117
12040
11915
12110
12107
11878
11943
12084
11650
11987
11962
12075
12096
12084
12111
12066
11766
12015
12094
12024
11961
12089
12096
11933
12116
12014
12116
11925
12078
12054
11964
11831
12117
11922
11861
11675
12107
11940
12038
12053
11736
11753
11857
11739
12120
11981
12090
11936
12016
11986
11896
12087
12097
12119
12090
12063
11944
12089
11868
12081
11973
12101
11812
11968
12046
12075
11787
12069
12119
12107
12018
11703
12105
11993
11923
11590
12055
12016
12038
11887
12119
12064
12025
12116
12016
12106
12072
12083
12046
12013
11875
12083
12026
11860
11760
12096
11942
11958
11774
11913
12086
12118
11917
11999
12077
12074
11879
11967
12035
12059
11861
11931
12113
11998
11987
12094
12053
12105
11864
12112
12082
12092
12052
12095
12002
11782
12084
11936
12097
12025
12095
12100
11825
11895
12097
11601
11917
12003
12068
12048
12094
12058
12081
12095
12096
12020
11979
12079
11997
12055
12090
11993
11881
11901
12085
11955
12023
12094
12020
11781
12101
12118
12114
11971
12103
11707
12109
12102
11754
12110
12096
12098
12103
11624
12065
11987
11746
12079
11833
11935
12111
12014
11827
11900
12095
12077
12091
11891
11868
11897
12077
11872
11975
11994
12116
12104
12100
12114
12048
11800
11964
12026
12032
11914
11796
12081
12087
12029
11914
12119
12118
12038
12047
12091
12101
11832
12010
12083
12042
12060
11999
12043
12077
12099
12114
11859
12093
12022
12112
12064
12118
12097
11804
12102
12099
11993
12016
12020
11893
12098
11938
12014
12026
11968
12116
11997
12063
12084
11736
12084
12118
11966
12025
12092
11974
11910
12117
12084
11811
12081
11609
12022
12033
11999
12048
12077
12069
11590
12081
12067
11989
12077
12077
12006
12070
12006
12118
12055
12085
12094
12084
11813
11712
12004
12077
12077
12065
12048
11929
11915
12069
12098
11762
11952
12103
11983
12110
11948
11884
12108
12086
12083
12105
12107
12090
12097
12063
11667
12113
12078
12044
12106
12084
12092
11872
11902
12064
12089
11817
12062
11971
12026
12053
12081
12065
11725
12106
12098
11944
12078
12071
12106
11998
12048
12034
11792
11671
11978
11928
11808
11763
12050
12117
12107
11701
11887
12084
12057
11992
11986
12094
12079
12096
12077
12097
12096
12056
12076
12079
12080
12003
11953
12097
12075
12078
11956
11796
11974
12119
11688
12106
12039
11957
12116
11964
12097
11970
12107
11964
11986
12095
11980
12106
11944
12033
12097
11754
11964
11986
12118
12114
12098
12113
11998
12043
12064
11954
12107
12060
11944
11842
11781
11860
12026
12063
12032
12055
11995
12035
11958
12096
12002
12033
12000
12118
12057
12097
12118
12055
11812
12011
11712
12077
12060
12089
12115
11995
12077
12018
12106
11964
12056
12095
11988
11997
12023
12064
11968
12074
12039
12096
11994
12064
11883
12024
11975
11985
11918
12025
11844
12041
11924
11954
11869
12099
12065
12033
12072
12106
11966
