ocp
12108
12123
12050
12104
12118
11884
12073
11664
12094
11781
12063
11987
12106
11792
11840
12071
11794
12092
12117
12113
12063
11896
11782
12119
12129
12106
12123
12108
11980
11997
11892
12019
12033
11719
12054
12090
11971
12098
12107
11589
11957
11893
12082
12127
11949
12094
12069
12015
12107
12082
11950
12106
11916
12107
12060
11880
12085
11826
11811
11866
12082
12001
12092
11915
11742
11853
12099
12093
11955
12124
12050
12001
12106
12058
12070
12106
12008
12005
12042
11887
11801
12102
12125
12003
12106
12098
12011
12080
12124
12122
12036
11954
11844
12106
12106
11996
12015
12063
12128
12122
11953
12129
11666
12027
12057
12026
12014
11812
11878
12094
11661
11982
12093
12093
12126
12094
11992
12010
12108
12086
11866
12011
12104
11961
11981
12125
12096
11793
11992
12123
12031
11941
12082
12083
12128
11843
11931
12101
12128
11896
12124
12085
12038
11900
12099
12125
12106
12122
12099
12097
12072
11921
12125
11746
12121
11883
12065
11765
11709
11990
12124
12127
11977
12064
12016
12011
12124
11645
12072
12128
11896
12022
12082
12125
12013
12088
11826
12106
11871
11855
12106
12107
12128
11982
12107
11988
12012
12033
12099
11951
12099
11934
12064
12089
12082
12003
11768
12102
11976
12124
11987
12128
12107
12105
12105
12106
12076
11692
12041
12013
11902
11837
12093
12094
12023
12128
12098
12099
12065
11980
12129
12076
11998
12094
12099
12080
12024
12107
12017
11873
11629
12099
12042
12125
11981
12029
11883
12125
12071
12064
12025
12128
12065
12128
12129
11954
12123
11947
12049
12080
12123
11839
12075
12128
11949
12119
11805
12092
12107
12063
11701
12117
11871
12089
12056
11919
12128
12102
12034
12083
11988
12094
12107
12119
12083
11860
12064
11896
12060
12109
11991
12010
11972
12064
12074
11993
12094
12124
12015
12079
12069
11961
11733
12099
11592
12128
12107
11988
11981
12061
12108
11626
11984
12128
12129
12047
11976
12080
12082
12124
12065
12124
12010
11801
12074
12102
12058
11992
12049
12082
11978
12035
12085
11952
11920
11968
12045
12090
12041
12024
12106
11951
12040
12075
12124
12109
11948
11782
12007
12094
12128
12003
11934
11644
11981
12090
12037
12077
11896
12023
11776
11961
11832
12099
11655
12054
11938
12128
12115
11998
12098
12014
12117
12061
12122
11828
11831
12083
12023
11918
12071
12020
12011
11892
12094
12099
12033
12126
12084
12058
12065
12100
11892
12091
12123
12078
12116
12114
12123
12104
12002
12123
12098
12098
12098
11896
12093
12093
12098
11895
11849
12096
12013
12043
12062
12061
12122
12094
12017
12128
12066
11956
12125
11906
11848
12096
11851
12050
12098
11883
12122
11997
11880
12015
12102
11908
11897
12100
11990
12124
11993
12124
12093
12107
11919
12122
12082
12083
12099
11600
12098
12123
12107
12083
11954
12014
12066
12014
12123
11808
11885
11812
12093
12043
11857
12005
12129
12022
12127
12094
12128
12127
12100
11878
12025
12031
12123
12064
11779
11742
12098
12018
12126
12099
12079
12014
12121
12129
12128
12099
11943
12050
12082
12091
12099
12125
12011
11635
12064
12104
12091
12099
11912
12090
12069
12064
12009
12038
12115
12026
12050
12090
11848
12122
12077
12128
12084
12063
12107
12128
11645
12099
12118
12090
12095
12092
11872
12107
11619
11990
12102
12107
11981
12123
11920
11981
12054
12063
11728
12024
11984
12089
12125
12115
12099
12122
11947
12104
12081
12068
12002
11954
12121
11986
12092
12055
12080
11968
11928
12107
12095
12125
12074
12075
11983
12093
12100
12056
12038
12093
11795
12083
12120
12102
11938
11936
11841
12094
12095
11849
12127
12123
12128
12124
12032
12033
12041
11919
11860
11798
11900
11755
11955
11844
11589
12099
11946
12023
11732
12107
11654
11894
11929
12081
12053
12124
11935
12106
12113
11811
11752
11960
11702
12109
11908
12084
12040
12105
12118
11959
11980
12106
12002
12001
12123
12097
12120
12101
12119
12045
12107
11675
12027
12080
12106
11992
12129
12033
12088
12119
12124
12094
12046
12094
12091
12123
12018
11981
11927
12015
12125
12099
11950
11861
11981
11830
11769
12015
12029
11993
12126
11963
12017
12125
12072
12022
11918
12090
12016
11682
11988
12099
12099
12014
12092
12018
11827
12090
11900
11988
11639
11708
12123
11709
12127
12006
11899
12099
12119
12125
12119
12107
12079
11807
11946
11880
12107
11908
11762
12024
12127
11922
11993
11944
12093
12088
12082
11939
12049
12113
12111
12054
12129
12099
11741
12016
12056
12075
11767
11766
12126
12011
12099
12082
12044
12122
12078
11608
11872
12067
11821
11954
11654
11831
12071
11997
12077
12130
11873
11941
12125
12128
12117
11829
11927
12099
11745
12089
12124
12022
12006
12083
11989
12034
12019
12105
12116
12127
11972
12093
11877
11776
12038
12125
12077
12124
11912
12128
12107
11664
12049
11902
12125
12055
12015
12044
12095
11881
12053
12080
11903
12031
11894
11764
11993
11946
12095
12125
11930
11896
11792
11824
11709
12101
11829
12108
11766
12104
12107
12093
12109
12087
12123
11968
11875
11853
12010
11872
11911
11767
11862
12122
11777
12045
12126
11916
12074
11783
11898
12098
12121
12082
12090
12098
12088
12029
12083
12125
12098
12128
12123
12130
11916
12099
11983
12101
12128
12063
12093
11698
12107
11701
12106
11796
12039
12006
12107
12108
12087
12039
12091
12017
12093
12123
12000
12094
12125
12107
12128
11847
11781
11845
12102
12082
11882
11620
11936
12052
12090
11954
11916
12105
12039
12073
12113
12113
12099
11963
12124
12077
12062
12018
12069
11965
12041
12071
12019
12091
11942
12091
12077
11711
11922
12069
12082
11902
12006
11843
11904
12107
12097
12065
12084
12116
12102
12090
12124
11830
12080
11969
12082
11948
11827
12093
11968
11922
11852
12091
12111
11929
12028
12077
12124
12099
12122
12020
12097
11952
12027
11999
12055
12095
12109
12048
12125
12122
11885
11964
12044
12125
12107
12017
12125
12106
12114
12010
12044
12077
12121
11895
11993
11941
12124
11948
11956
12055
12017
12075
12123
12066
12047
12110
12054
12034
11684
12050
11706
12055
12107
12067
11686
11690
12099
12093
12110
11997
12008
11709
12031
11991
12102
12106
12115
11985
12083
12108
11998
11944
12115
11866
12106
12069
11613
12124
12046
12128
11724
11955
12121
12118
12093
12124
12039
11705
11923
11923
11990
12095
12056
12130
