ocp
12074
12079
11950
11821
12130
12004
12128
12123
12121
12018
12123
11828
12009
12127
12135
12105
12097
11676
12098
11729
11942
11901
12135
11967
12057
12123
12027
11721
11666
11990
12099
12101
12020
12117
12101
12107
12108
11932
11980
11838
12134
12078
12088
12134
12065
12058
12115
12037
11821
12073
12131
11978
12069
11898
12124
12123
12090
12117
12122
12036
12074
11825
11853
12088
12110
12052
12035
11675
11939
12113
12114
12019
12090
11959
11875
12062
11970
11909
12098
12010
11879
12088
12075
11636
11984
11841
12122
12089
12110
11985
12062
11929
12122
12074
12103
11916
12043
12047
11769
12133
12091
12128
11766
12021
12073
12126
12075
11985
12049
12075
12035
12114
12038
12100
12090
11710
12053
12100
11833
12004
12109
12079
12127
12116
11999
12075
12014
12036
11989
12043
12109
12087
12104
12014
11695
11881
12022
11676
12116
12087
12118
12023
12061
12127
12122
11913
12030
12108
11781
11979
11991
12045
12121
12111
12082
11878
12113
11940
11617
12127
12123
12132
12019
12090
11966
12048
12122
12024
12128
12038
12123
11889
11999
12120
11801
12116
12123
11886
12053
12122
12125
12119
11974
11988
11864
12020
11924
12030
12098
12093
12121
11740
12026
11975
12117
11941
12043
11696
12102
12106
12004
12112
12095
12112
11962
11833
12022
12125
11899
12060
11986
12095
11995
12054
12063
11979
12091
12037
12059
12061
11966
12017
12048
12117
12107
12120
11937
12080
12113
11888
12096
12092
12004
11918
11999
12102
12108
11895
12108
12133
11767
12022
12134
11960
11842
12101
12089
12051
12082
11977
12075
12076
12129
11822
12057
11960
11936
11885
12034
12127
12103
12048
12127
12130
12088
11912
12086
11979
12019
12102
11937
12090
11757
12118
12081
12129
12091
12125
12112
12123
12101
12123
12037
11853
11967
12070
12116
11684
12044
11855
12122
12109
12129
12108
11961
12086
12105
12047
12129
12127
12022
12096
11800
11797
11917
12117
11888
12029
12135
11954
12093
12036
12041
11952
11928
12120
12060
11900
11934
12108
12058
12107
11968
11990
12037
12118
12123
12103
11929
12106
12066
11657
11807
11887
11945
12069
11731
12087
11915
11883
12022
11990
12078
12120
12110
12031
12118
11868
11990
12116
12066
12107
11910
12066
12013
12045
11842
12064
11887
11886
12105
12124
11979
11889
12102
12112
11885
12037
12091
12126
11760
11914
11670
11911
12090
12022
12035
11935
12083
12096
11896
12049
12122
11883
11925
12105
12109
12120
12065
11984
12086
12091
12066
11734
11917
12012
12122
11961
11964
11798
12121
12109
11974
11883
12101
12124
12108
12098
11945
12125
12034
12104
12119
12098
12008
11869
12100
12098
12134
12110
12087
11979
12090
12106
11908
11911
12044
11878
12052
12055
12014
12109
12056
12021
12061
12105
12081
11874
12073
11662
12072
12127
12102
12058
12116
12098
11790
12091
11969
12110
11954
12122
12037
12080
11919
11719
12101
11771
12047
12092
11935
12049
11620
11935
11949
12123
11975
12009
11857
11726
12124
12121
12070
12096
11900
11857
12124
12099
12112
12090
11958
12067
11943
11960
12115
11944
12036
12060
11930
12110
12112
12135
11700
12018
12122
11961
12123
12122
12071
12086
11748
12064
11738
12043
12013
12122
11735
12107
12119
11895
12122
12099
11965
12095
11619
12108
12066
12132
12054
12123
12089
11980
12118
12095
12049
11989
11908
12126
12001
12117
12106
12066
11803
12133
11971
12095
11650
12111
11976
12094
12013
11738
12045
12101
11839
12019
12089
12123
11955
12112
12104
12010
12128
12127
12091
12046
12116
11897
12074
12128
12123
11617
11985
12068
11938
11854
11919
12112
12116
12086
11747
12086
12097
12084
12065
12123
12072
12120
12112
12075
12120
11652
12005
12127
12025
12055
12055
11933
12116
12101
11840
12099
12038
12049
11979
11981
12039
11928
12122
11665
12102
12014
12066
12002
12041
12111
11952
12112
12130
12066
12113
12066
12048
12072
12081
12076
12078
12111
12092
12058
12042
12102
12106
12086
12064
12113
12106
11913
11954
12126
12029
11603
12091
11850
12135
12123
12123
12027
12108
12108
12095
12073
12120
11901
12130
12116
11998
12084
11832
12112
11990
11868
12119
12127
12104
12041
12079
12013
12110
11957
11710
12091
12049
12123
12088
12024
11984
12106
11984
12117
12040
11841
12109
11945
12079
12090
12059
12020
12001
12105
12130
11911
12101
12090
12010
12101
12032
12087
11977
12082
12060
11813
11863
12088
11668
12097
11913
11713
12122
12101
11810
12042
12030
12056
11975
11967
12073
11662
12127
11684
12102
12116
12091
11962
12096
11626
12134
12103
12110
11852
11997
12116
12048
11984
12084
11991
11943
11890
11796
12119
11813
12123
11934
12119
11932
12102
12131
11998
12009
12047
12126
11855
11934
12108
12019
12132
11850
12125
11862
12123
12044
12070
11934
11993
12112
12064
12088
11970
11717
12060
12026
12060
12024
12065
11961
12030
12090
12002
12061
12031
12085
12114
11749
11771
11932
11911
11824
12130
11892
11901
12066
11605
12100
11947
12011
12025
12124
12064
12037
11817
12108
11839
12088
11943
12024
12048
11993
12029
12082
11633
12109
12058
12115
11999
12055
12011
11778
12009
12120
12067
11871
11709
11952
11712
11841
11941
11827
12078
12037
12105
12103
12073
12087
11990
11837
12011
11957
12120
12092
12112
12119
11966
12078
12049
12041
12128
11898
12008
12100
12015
12115
12122
11902
11851
11738
12102
12127
12091
11872
11673
12127
11788
11759
11866
11968
12132
12112
12084
12111
12026
12088
11770
12133
12125
11983
11942
12134
12087
11865
12065
12110
11880
12089
12049
12130
12091
12065
12079
11950
12127
12088
12086
11898
11932
11954
11989
11755
12025
12109
12091
12008
11727
11685
12099
11937
11824
12028
12088
12004
12107
11982
12066
12018
12135
12041
12118
12112
12059
12036
12039
11921
12103
11971
11773
12119
12088
12049
12118
12120
11918
12102
12056
11983
11955
12122
11907
12042
12078
12058
11998
12020
11952
11918
11826
11922
11722
11994
11907
12097
12061
12054
12110
12108
12123
12090
12036
12011
12110
12133
12102
12097
11892
12103
11914
12059
12129
12106
12009
12054
12112
12045
12129
12076
12001
12037
12030
12119
11839
11990
12091
11989
12090
11921
11986
11988
12099
11852
12022
12124
11850
12072
11648
11964
12060
12126
12046
11860
12055
12124
11901
11953
11975
12120
12113
11911
12122
12022
11727
11939
12034
