11988.58
12021.17
12029.5
11999.25
12058
11994.83
12049.75
12032.42
12052
11923.67
12038.42
12012.67
12042.42
11994.67
12009.17
12039.08
11976.75
12029.58
12030.17
11981
12004.5
12016.75
12037.92
12050.08
12022.67
12019.42
12067.67
11950
12023.25
11967.58
12025.75
12017.5
12035.33
11928.83
11994.33
12077.33
12023.08
12026.58
11973.33
11966.08
11978.08
12028.67
12015.83
11960.83
12021.58
12081.25
11988.42
12014.92
11945.42
11952.67
12005.17
12022
11957.42
12050.33
12014.33
12026
12054.17
11944.08
12001.92
12020.25
12031.33
12007.83
11970.5
11945.67
11992.17
12021.17
11987.83
12038.17
11999.92
12094.08
12049.5
12063.58
11956.17
11990.5
11966.08
12038.67
11951.67
12018.67
12033.58
11988.58
11951.42
11987.58
12052.33
11963.92
12058.67
11988.67
12046.25
12051.92
12077.92
11984.5
11995.33
12037.08
12016.42
11988.67
12047.83
11986.33
12052.92
12015.08
11986.08
12004.83
12020.5
12058.08
11951.25
12051.67
12052.58
12060.33
12028.67
11965.25
11994.25
12001.83
12005.67
12016.58
12003.5
12061.58
12028.5
12028.67
12022.83
11968.92
11998.92
12061.42
12008.08
11963.42
12069.83
12017.58
12031.83
12007.83
11999.83
11939.42
12007.92
12024.67
12040.42
12027.5
12053.25
12026.83
12041.75
11988.33
12035.67
11943.75
12041.17
12045.25
12068.08
12037.25
12008.92
12030.83
12046.67
11975.58
12049.58
12011.58
12013.17
11983.33
12040.42
12045.83
11988.67
11981
12054
12012.25
12017.67
11986.75
11964.5
11987.25
12035.17
12072.25
12024.58
12068.08
12021.5
12036.33
12037.17
11979
11997.75
11949.08
11984.67
12029.83
12064.58
12051.42
12004.42
12040.25
12013.25
11965.67
11975.5
12020.75
12031.67
12059.75
12043.17
12064.17
12038.33
12063.5
11975
12022.33
12081.08
12024.33
12089.58
12032.17
11964.42
11968.42
12072
12029.25
11960
12039.75
12051.42
11992.08
12042.58
12013.5
12051.08
12057.25
11992.5
12009.17
11987.5
11950.75
12038
12030.5
12010.5
11924.08
11952.25
12007.75
12053.5
12049.67
12009
12046.42
11919.92
12038.08
12008.83
12051.33
12060.17
12030.25
12033.17
12030.83
11995.92
12036.08
12022.25
11993.92
12003.33
11973.33
12065.67
12018.08
11965.75
12003.92
12015.67
12022.75
12060.92
11997
12012.17
12079.83
12044.75
12001.83
12006.42
12059.42
12053.92
12030.75
12015.42
11984
12032.25
12002.33
12051.75
12054.92
12036.92
11962.75
11991.25
11996.33
12057.67
12069.58
11933.33
12006.25
12010.92
12059.58
12002.67
11955.33
12070.67
12017.08
12024.67
11993.92
11966.92
12001.5
11989.25
12047.83
12022.42
12000.92
12024.33
11982
11996.33
12106.08
11995.67
12025.42
12008.33
12052.25
12052.42
12042.08
12014.92
11940.17
12053.92
12021.25
12050.58
12027.83
12028
12019.83
11993.92
12047.25
11971.75
12073.83
12065.67
12025.83
11979.75
11967.33
11965.58
12020.25
12025.58
12085.25
12025.42
12026.58
12056.25
12022.75
12043.33
12024
12041.75
12009.58
12048.67
11959.33
12048.75
11976.75
12021.67
11997.58
12045.67
12035.25
11995.5
12003.08
12049.17
12045.25
12016
12066.25
12052.5
12037.08
11996.33
11970.75
12040.75
12026.5
11999.75
12058.5
12014.83
11983.67
12010.67
12034.25
12046.08
11947.25
12007.08
12003.67
12041.58
12078.08
12049.92
12032.92
12045.08
12003
12051.42
12001.67
12037.25
12054.75
11982.67
12023.17
12000.25
12063.17
12003.17
11989.33
12070.5
12030
11979
12022.5
11947.5
11965.25
11976.67
12018.17
12019
12008.08
12017.58
11966
12000.17
12016.92
12022.83
12027.58
12032.17
12028.58
11996.5
12016
11989.42
12045.42
12015.83
11959.92
12010.5
12059.25
11998.25
12065.83
12051.17
12052.67
12019.5
12015.08
12069.92
12013.58
12006.42
12024.75
12032.92
11973.33
11989.58
11957
11979.58
12033.08
11974.92
12023.75
12066.92
12001.67
12020.58
12040
12017.83
12036.5
12004.75
11961
12091
12006.17
11982.08
12052.5
12006.58
11994.58
12032.75
12021
12071.25
12042.92
12042.75
12047
12035.58
11996.67
11983.67
12057.75
12027.25
11966.83
11981.75
12048.92
12030.75
12012.17
12021.83
12043.5
12052.75
12047.58
11999.17
11958.58
12072.67
12066.42
12038.42
11990.92
11988.33
11972.5
12020.08
12051.17
12052.83
11991.67
11986.33
11958.08
11970.92
12039.67
11949.58
11976.33
12059.67
11989.42
12007.83
12079.08
12026.92
12045.33
12018.08
12025
12058.83
12012.75
12003
12007.5
11985.75
12009.75
12014.92
12019.92
12032
12075.25
12000.58
11973.33
12039.75
12027.5
12047.42
11996.33
12033.67
12007
12005.92
12049.42
12039.92
12020.33
11995.67
11936.75
12028.42
11983.42
12057.67
12033.75
12002.17
12003.33
12018.42
11996
12011.08
12047.92
12035.5
11999.83
11966.5
12008.67
11997.83
12005.5
11980.75
12089
12007.5
12066.25
12043.92
12053.92
12025.08
12035.25
12042.17
12046.92
11988.75
12010.58
11997.25
12074.75
11988.92
12037.08
12017
11977.33
12066.92
12006.58
11943.42
12003.83
12045.67
11980.92
11993.17
12015.75
11990.83
12062.75
12013.92
12040.5
12030.25
12024.67
11953.42
12056.17
12043.17
12011
12019.67
12010.25
12065.25
11978.17
12020.17
12052.67
12014.75
12054.25
11966.58
12012.17
11994.58
12040.42
12053.42
12043.58
12036
11997
11973.42
12015.67
12040.58
12047.33
12005
12030.92
12065.75
12005.5
12038.33
12006.67
11938.75
12007
12060
12027.42
12036.75
11955.75
12084
12025.42
11995.67
11965
12028.75
12008
12006.83
11960.75
12000.67
11896.33
12007
11970
11948.67
12042.42
12026
11987.67
11967.83
12057.33
11999.75
12045.58
11997.58
12056.75
12012.75
12052.08
12006.33
12017
11962
11977.75
11954.5
12018.33
11964.33
12026.42
11992.83
12025
11963.5
12025.33
11996
12005.17
12020.08
11986.75
12028.75
12047.25
12020
12023.5
12054.92
12053.33
12006.25
11982
12058.33
12015.58
12055.42
12002.17
12011.33
11970.58
11990.17
12056.42
12035.42
12055
12032.42
11990.42
12024.25
11946.75
12051.83
12038.08
12041
12033.83
11993.67
12003.17
11943.42
12015.08
11994.33
11999.75
11960.5
12079.5
11976
12005.92
11936.17
12034.92
12048.5
12009
12035
12026.33
12000.17
12004.5
11972.08
12067
12012.83
11992.25
11989.67
12067.75
12062.25
11995.33
12014.92
12002.33
12024.08
12000.92
12042.33
12017.17
12001.92
11995
12001.33
11947.92
12029.83
11972.17
12022
12026.5
12014.5
12015.25
12079.67
12025.5
12028.08
12014.33
12051.25
11979.17
12055.25
11996.5
12014.42
12054.5
12051.42
11949.33
11964.08
12009.5
12005.42
12052.83
12019.92
12016.33
11994.67
12012.42
12004.92
12063.33
11988.75
12049.25
11973.92
12022.58
12049.17
12049.42
11990.5
11995.5
12013.08
12061.67
11996.75
11974.58
12050.42
11980.83
12044.08
11974.67
11996.92
11973.75
11978
11949.67
11977.83
12037.58
12061.08
12029.67
12035
12004.5
11958.92
12023.75
12004.58
12056.25
12017.83
11990.5
12024.5
12064.75
11968.08
12039.67
12053.75
11996.42
12016.75
11982.83
12011.25
12032.75
12009.92
12030.08
11971.75
12002.5
11986.33
11938.25
12051.17
11960
12054.5
12054.92
12038.25
12013
12028.5
12054.42
11987.67
11972.33
12034.83
11975.08
12057.25
12045.42
12041.67
12026.17
12047.08
11999.17
12010
12023.08
11998.5
12006.67
11919.33
11986.5
12031.92
12043.92
11987.83
12013.08
11960.67
11991.25
12037.42
11996.08
11996.25
12027.58
12029.67
11994.92
12030.67
12075.08
11972.75
12024.67
12007
12031.33
12041.17
12008.08
11942.58
12017.25
12023.17
12029.83
11998.17
11941.5
12001
12019.25
11965.67
12024.83
12070.25
12052.75
11998.5
11961
12015.83
12073.33
11994.25
11996.83
12006.08
12030.83
11931.83
12041
12020.75
12015.25
12025.25
12031.92
12050.83
12013.08
11937.5
12030.33
11953.75
12027.33
12006.5
12061.25
12067.08
12017.83
12040.83
12016.33
12024.75
11973.58
12031.25
12017.83
12037.83
12033.17
11997.17
12030.92
12014.33
12037.25
12056.67
12028.5
12004.58
12044.58
12023
12004.33
12003.5
11977.75
11990.75
11959.83
11974.83
12017.17
11962.75
11937
12001.5
12048.67
12031.08
12040.08
12022
11989
12090.25
12041.5
12052
11970.25
12023.25
12003.17
11994.83
12042.92
12067.5
12035.17
11987
12053.08
12014.33
12030.58
12022.92
12052.58
11973.5
12003.33
11927.17
11965.42
12019.67
12049.83
12010.25
11957.58
11937
12013.25
12030.83
11996.75
12021.92
12004.42
11960.25
12064.67
11971.75
11992.75
12002.67
11977.25
12050.67
12030.92
12006.75
11999.42
11994.33
12045.33
11995.33
12031.67
11959.75
12041.67
12044.5
11973.67
12038.83
12010.17
12007.58
11994.83
12037.33
12007.25
11993.33
11967.58
12044.75
12041.08
12059.42
12012.83
12065.25
12016.92
12046.33
12020.92
12009.25
12022.33
12001.75
12029
12056.25
12028.67
12039.58
12041.25
12018.08
12009.92
12024.42
12049.75
12018
12024.42
11946.25
11998.33
12035.25
12037.58
12030.67
12018.92
12004
12061.42
12035.25
11984.25
12016.08
12012.92
12053.08
12005
11989.5
12081.75
11993.92
11996.33
12046.83
12014.17
12009.67
11987.08
12012.08
11987.33
12021.58
11977.17
12041.33
12009.67
12034.42
12012.92
12006.83
12066.08
12039.08
11971.17
11995.67
12041.67
12007.42
11981.33
12040.67
11959.5
12038.83
12030.42
11994.17
11988.58
12056.17
11982.58
11998.33
11983.75
12019.25
11946.08
12002.83
12019.58
11987.75
11962.5
11982.33
11998.67
11968.67
12000.75
12043
12011
