ocp
12731
12713
12716
12725
12716
12706
12690
12722
12752
12724
12715
12720
12734
12747
12708
12689
12734
12704
12738
12715
12745
12734
12724
12700
12702
12716
12728
12695
12705
12744
12703
12744
12732
12723
12745
12718
12698
12710
12738
12726
12697
12695
12725
12730
12715
12726
12691
12716
12702
12565
12714
12719
12736
12751
12733
12734
12707
12709
12713
12711
12712
12720
12697
12713
12727
12786
12697
12744
12708
12705
12715
12721
12717
12702
12743
12706
12747
12742
12714
12721
12737
12706
12707
12704
12753
12702
12764
12694
12736
12686
12721
12684
12700
12715
12695
12757
12707
12746
12712
12711
12697
12732
12732
12719
12734
12722
12729
12720
12704
12708
12709
12568
12740
12730
12724
12694
12735
12698
12735
12738
12723
12747
12699
12722
12710
12702
12713
12730
12723
12694
12711
12701
12732
12721
12713
12716
12731
12731
12692
12713
12692
12717
12714
12680
12735
12729
12757
12719
12722
12728
12723
12686
12736
12706
12756
12721
12705
12706
12706
12693
12744
12730
12732
12737
12733
12714
12691
12729
12727
12702
12725
12709
12700
12715
12719
12727
12718
12703
12701
12716
12735
12713
12693
12733
12725
12701
12700
12730
12739
12716
12828
12721
12702
12731
12711
12702
12726
12700
12746
12711
12729
12697
12702
12713
12734
12698
12702
12707
12739
12717
12703
12721
12703
12701
12732
12568
12709
12729
12731
12722
12729
12698
12713
12721
12733
12721
12729
12683
12717
12723
12726
12734
12738
12705
12719
12713
12706
12748
12732
12718
12727
12699
12707
12741
12720
12696
12707
12737
12743
12707
12731
12697
12690
12709
12723
12700
12728
12721
12707
12706
12728
12712
12721
12707
12716
12704
12724
12730
12707
12709
12717
12699
12741
12712
12700
12699
12724
12718
12730
12704
12831
12719
12748
12696
12697
12711
12699
12703
12716
12734
12756
12746
12704
12746
12813
12710
12745
12726
12739
12736
12729
12676
12702
12715
12762
12731
12701
12736
12701
12709
12696
12710
12753
12723
12718
12733
12728
12722
12719
12712
12738
12750
12691
12719
12697
12714
12685
12710
12695
12718
12576
12707
12711
12728
12702
12730
12738
12697
12716
12709
12704
12699
12701
12690
12689
12741
12703
12721
12730
12735
12724
12739
12730
12725
12820
12817
12704
12822
12739
12741
12713
12750
12711
12723
12815
12706
12713
12731
12696
12687
12700
12738
12704
12736
12736
12727
12686
12746
12711
12724
12699
12743
12712
12749
12739
12705
12711
12747
12701
12730
12691
12739
12699
12713
12719
12707
12699
12737
12716
12725
12693
12716
12723
12722
12724
12725
12710
12713
12725
12695
12687
12713
12712
12697
12734
12703
12724
12710
12703
12705
12712
12732
12699
12724
12713
12711
12738
12686
12736
12723
12728
12701
12726
12720
12690
12567
12711
12751
12750
12730
12736
12712
12558
12720
12741
12717
12717
12734
12707
12723
12739
12747
12728
12724
12732
12708
12718
12723
12743
12707
12689
12711
12703
12692
12723
12736
12710
12707
12733
12726
12709
12695
12722
12698
12562
12705
12715
12740
12731
12757
12731
12716
12560
12721
12729
12693
12708
12719
12704
12744
12732
12732
12708
12714
12720
12735
12720
12738
12726
12729
12713
12734
12742
12715
12717
12716
12727
12734
12684
12701
12712
12718
12704
12698
12704
12745
12739
12716
12712
12736
12718
12712
12720
12722
12686
12586
12713
12697
12726
12737
12701
12722
12702
12805
12715
12728
12727
12702
12703
12725
12715
12706
12743
12737
12718
12710
12736
12703
12689
12729
12738
12731
12697
12738
12729
12721
12692
12699
12747
12709
12729
12737
12701
12709
12728
12728
12704
12705
12730
12722
12714
12714
12718
12743
12718
12730
12714
12713
12748
12724
12699
12725
12707
12699
12719
12704
12721
12738
12717
12709
12713
12701
12735
12704
12735
12702
12681
12743
12743
12768
12725
12692
12736
12697
12735
12741
12719
12721
12715
12712
12717
12744
12811
12731
12706
12721
12715
12746
12738
12713
12719
12731
12750
12702
12816
12699
12714
12713
12706
12748
12742
12709
12706
12711
12745
12751
12715
12737
12729
12694
12713
12738
12706
12714
12744
12712
12737
12711
12714
12708
12719
12725
12691
12706
12733
12719
12712
12707
12573
12727
12707
12728
12706
12703
12703
12723
12697
12702
12726
12733
12714
12699
12759
12704
12695
12723
12730
12698
12701
12705
12750
12700
12710
12724
12725
12708
12700
12697
12694
12708
12726
12690
12733
12719
12698
12742
12743
12720
12702
12707
12746
12702
12694
12759
12746
12715
12692
12726
12703
12706
12711
12709
12709
12696
12712
12722
12727
12749
12730
12750
12719
12714
12828
12718
12733
12709
12739
12697
12690
12718
12695
12710
12739
12743
12711
12736
12724
12717
12732
12722
12725
12721
12716
12742
12702
12708
12713
12733
12745
12739
12712
12683
12742
12731
12711
12708
12714
12723
12752
12712
12720
12705
12719
12725
12716
12696
12728
12719
12727
12709
12709
12756
12741
12718
12698
12692
12690
12734
12699
12747
12683
12734
12683
12725
12721
12708
12738
12717
12726
12695
12722
12723
12694
12739
12734
12706
12756
12701
12718
12728
12700
12693
12747
12710
12699
12723
12698
12712
12732
12717
12738
12713
12721
12695
12740
12710
12735
12721
12744
12718
12741
12701
12707
12713
12736
12703
12717
12723
12703
12719
12694
12716
12718
12571
12710
12715
12713
12751
12710
12731
12755
12724
12703
12716
12726
12703
12705
12703
12713
12729
12712
12706
12705
12704
12724
12714
12736
12704
12703
12698
12713
12741
12737
12709
12704
12746
12738
12724
12699
12737
12705
12720
12697
12700
12711
12698
12722
12728
12702
12719
12710
12698
12713
12708
12700
12720
12722
12703
12700
12712
12731
12572
12726
12765
12743
12727
12705
12740
12709
12705
12718
12717
12693
12739
12756
12709
12702
12716
12726
12701
12692
12745
12695
12705
12712
12733
12730
12752
12709
12549
12743
12746
12739
12746
12706
12728
12694
12705
12715
12720
12702
12715
12719
12700
12710
12722
12699
12797
12802
12727
12697
12717
12739
12696
12693
12711
12731
12694
12703
12689
12710
12704
12572
12743
12724
12726
12745
12725
12703
12725
12749
12746
12693
12710
12739
12741
12573
12717
12731
12702
12720
12721
12729
12718
12712
12712
12702
12719
12713
12741
12811
12722
12726
12805
12736
12751
12723
12741
12707
12733
12727
12736
12723
12722
12716
12701
12691
12748
12719
12730
