ocp
12702
12680
12715
12722
12690
12688
12656
12722
12688
12652
12666
12717
12653
12690
12670
12673
12684
12656
12659
12665
12686
12668
12670
12731
12663
12692
12664
12682
12656
12692
12686
12700
12716
12688
12708
12663
12671
12671
12663
12680
12675
12678
12688
12523
12688
12722
12660
12664
12699
12700
12659
12690
12671
12771
12718
12680
12710
12689
12670
12694
12673
12725
12694
12659
12677
12676
12709
12659
12656
12679
12681
12685
12668
12685
12684
12658
12688
12718
12691
12667
12701
12649
12699
12707
12689
12667
12696
12685
12697
12721
12661
12726
12663
12722
12721
12660
12664
12669
12671
12687
12700
12683
12681
12685
12701
12669
12685
12692
12672
12676
12665
12665
12683
12658
12686
12675
12656
12653
12686
12684
12653
12690
12691
12693
12655
12682
12657
12689
12681
12665
12675
12696
12654
12682
12664
12695
12662
12689
12708
12682
12715
12676
12685
12665
12664
12689
12650
12683
12693
12694
12663
12661
12653
12705
12650
12683
12686
12680
12666
12694
12656
12669
12699
12686
12661
12684
12702
12665
12663
12665
12681
12688
12659
12683
12679
12656
12678
12671
12680
12670
12650
12671
12698
12692
12668
12655
12661
12693
12659
12686
12716
12685
12658
12688
12691
12701
12691
12659
12656
12668
12668
12660
12667
12686
12685
12697
12700
12722
12665
12685
12690
12691
12661
12691
12677
12657
12667
12665
12688
12660
12670
12713
12767
12662
12652
12711
12687
12685
12529
12707
12677
12689
12677
12696
12713
12665
12664
12677
12691
12684
12659
12688
12687
12710
12679
12698
12697
12667
12688
12691
12666
12721
12657
12685
12698
12652
12679
12716
12666
12664
12681
12669
12663
12690
12678
12667
12666
12673
12676
12671
12712
12659
12674
12668
12669
12659
12709
12690
12721
12660
12703
12698
12684
12659
12660
12668
12704
12684
12771
12670
12671
12774
12667
12676
12663
12709
12710
12668
12683
12679
12663
12660
12694
12652
12691
12697
12683
12694
12670
12676
12668
12713
12705
12682
12663
12675
12674
12665
12673
12663
12700
12696
12662
12665
12682
12699
12667
12692
12656
12688
12718
12652
12692
12699
12658
12675
12698
12650
12709
12676
12666
12656
12670
12708
12711
12688
12672
12531
12662
12683
12656
12676
12673
12703
12657
12693
12679
12654
12664
12694
12684
12682
12673
12683
12656
12667
12651
12678
12678
12685
12667
12655
12696
12722
12684
12665
12710
12686
12710
12658
12681
12674
12768
12714
12718
12657
12679
12687
12686
12659
12677
12667
12652
12655
12532
12677
12660
12678
12696
12662
12711
12692
12699
12692
12670
12662
12677
12714
12674
12670
12656
12692
12679
12692
12687
12692
12668
12694
12709
12687
12673
12669
12655
12691
12690
12669
12692
12723
12704
12666
12683
12680
12654
12708
12524
12649
12702
12688
12689
12665
12666
12654
12671
12662
12700
12677
12697
12653
12674
12663
12683
12690
12722
12675
12722
12681
12720
12682
12723
12682
12653
12715
12663
12672
12661
12699
12675
12695
12717
12687
12707
12663
12689
12694
12717
12685
12685
12710
12672
12706
12769
12682
12683
12701
12712
12648
12683
12684
12676
12656
12656
12715
12664
12665
12663
12668
12698
12690
12660
12667
12776
12690
12668
12679
12684
12661
12698
12668
12701
12660
12679
12695
12649
12688
12658
12682
12692
12661
12680
12710
12670
12682
12708
12695
12674
12649
12666
12666
12700
12699
12663
12661
12646
12685
12683
12678
12673
12651
12701
12671
12675
12699
12675
12679
12663
12676
12693
12649
12682
12683
12661
12681
12652
12708
12682
12660
12698
12661
12662
12689
12702
12717
12655
12651
12692
12670
12663
12648
12677
12694
12667
12693
12699
12665
12703
12707
12674
12700
12677
12703
12694
12686
12700
12680
12671
12688
12543
12677
12669
12708
12667
12714
12699
12696
12690
12678
12691
12694
12681
12690
12710
12681
12670
12781
12673
12696
12654
12668
12716
12661
12679
12669
12693
12702
12677
12677
12678
12653
12660
12684
12670
12672
12687
12699
12656
12684
12692
12664
12659
12672
12772
12692
12691
12678
12675
12700
12714
12669
12643
12683
12664
12694
12688
12672
12724
12676
12695
12703
12707
12679
12665
12668
12685
12690
12669
12700
12675
12659
12649
12671
12675
12705
12703
12676
12671
12661
12671
12680
12659
12683
12687
12691
12657
12711
12684
12695
12715
12695
12684
12690
12656
12683
12670
12702
12658
12669
12650
12689
12707
12702
12686
12660
12659
12687
12776
12673
12698
12669
12667
12656
12695
12688
12655
12677
12649
12690
12661
12717
12667
12669
12665
12644
12684
12696
12676
12660
12712
12710
12692
12685
12685
12669
12719
12659
12665
12710
12653
12670
12668
12676
12652
12708
12672
12650
12657
12666
12703
12684
12684
12657
12661
12660
12705
12687
12688
12662
12685
12676
12690
12657
12671
12689
12674
12644
12672
12683
12663
12670
12667
12675
12697
12658
12662
12678
12528
12685
12654
12713
12669
12533
12667
12655
12690
12678
12710
12715
12649
12652
12704
12716
12692
12709
12725
12680
12678
12711
12687
12685
12658
12687
12670
12683
12686
12700
12686
12659
12687
12692
12684
12690
12704
12704
12706
12664
12696
12665
12656
12703
12696
12663
12715
12672
12691
12687
12694
12690
12670
12648
12671
12663
12686
12700
12690
12679
12702
12699
12666
12701
12703
12550
12666
12666
12701
12665
12700
12663
12672
12682
12661
12682
12630
12700
12693
12660
12696
12651
12675
12681
12650
12663
12719
12686
12653
12647
12664
12654
12666
12676
12679
12653
12688
12660
12701
12700
12713
12550
12721
12665
12682
12657
12664
12686
12687
12661
12655
12695
12689
12697
12661
12659
12670
12697
12536
12666
12676
12781
12662
12676
12650
12686
12701
12660
12660
12675
12695
12663
12677
12678
12656
12654
12701
12663
12673
12704
12677
12672
12685
12691
12659
12695
12707
12671
12522
12663
12706
12653
12665
12666
12670
12698
12695
12663
12668
12671
12763
12662
12674
12691
12713
12659
12669
12677
12685
12684
12688
12779
12695
12654
12672
12678
12678
12666
12697
12700
12664
12655
12702
12701
12704
12661
12657
12527
12665
12677
12662
12698
12681
12685
12685
12684
12714
12681
12670
12680
12677
12693
12653
12669
12656
12659
12666
12689
12688
12678
12773
12663
12519
12655
12672
12713
12694
12663
12705
12686
12712
12664
12662
12670
12692
12656
12677
12665
12671
12678
12674
12668
12693
12700
12660
12667
