ocp
12635
12744
12647
12697
12651
12632
12701
12652
12649
12681
12649
12684
12645
12637
12657
12664
12650
12689
12684
12636
12644
12645
12654
12644
12681
12672
12708
12655
12654
12680
12645
12656
12671
12625
12635
12626
12680
12668
12630
12642
12649
12667
12665
12662
12696
12643
12651
12644
12667
12664
12677
12686
12677
12641
12663
12630
12682
12627
12663
12641
12705
12510
12661
12692
12669
12641
12625
12685
12653
12661
12670
12649
12657
12670
12692
12667
12644
12686
12685
12693
12683
12668
12629
12653
12621
12652
12664
12637
12633
12707
12635
12642
12634
12635
12651
12640
12638
12664
12674
12642
12499
12631
12659
12666
12659
12667
12685
12640
12675
12662
12662
12659
12658
12650
12670
12621
12764
12672
12629
12635
12641
12691
12676
12679
12667
12689
12635
12705
12634
12634
12664
12662
12689
12639
12642
12629
12644
12662
12657
12676
12693
12672
12664
12640
12666
12639
12666
12676
12638
12638
12655
12703
12691
12663
12615
12726
12645
12638
12692
12628
12653
12658
12692
12642
12688
12692
12635
12717
12657
12657
12742
12658
12630
12646
12665
12671
12630
12667
12650
12635
12654
12632
12666
12666
12674
12624
12679
12679
12642
12659
12689
12670
12648
12687
12643
12636
12658
12642
12648
12648
12655
12681
12692
12641
12630
12641
12665
12659
12625
12679
12683
12666
12659
12679
12776
12665
12653
12662
12657
12675
12694
12667
12658
12663
12640
12667
12624
12640
12706
12683
12503
12634
12623
12687
12659
12658
12655
12670
12675
12663
12645
12662
12664
12640
12643
12667
12682
12625
12679
12660
12681
12667
12672
12697
12684
12657
12649
12631
12626
12701
12639
12634
12641
12641
12712
12651
12668
12650
12657
12643
12652
12663
12679
12672
12623
12670
12669
12639
12667
12695
12665
12646
12705
12672
12675
12649
12641
12641
12619
12646
12656
12633
12636
12660
12679
12696
12687
12652
12672
12689
12637
12660
12671
12700
12672
12636
12642
12666
12665
12645
12677
12694
12652
12683
12650
12647
12650
12661
12665
12758
12678
12659
12628
12629
12684
12681
12657
12712
12672
12648
12629
12512
12655
12684
12685
12631
12633
12701
12636
12659
12660
12696
12679
12633
12649
12671
12649
12684
12682
12659
12666
12683
12689
12673
12673
12634
12643
12664
12702
12703
12691
12705
12658
12655
12634
12693
12725
12637
12652
12661
12679
12689
12643
12668
12681
12661
12636
12657
12668
12641
12648
12648
12639
12657
12663
12640
12744
12658
12655
12668
12688
12699
12637
12654
12660
12656
12685
12649
12668
12669
12621
12638
12638
12667
12637
12661
12698
12639
12695
12696
12664
12674
12640
12641
12668
12654
12656
12682
12663
12505
12640
12682
12679
12639
12690
12505
12693
12695
12668
12630
12651
12685
12670
12659
12639
12685
12646
12646
12671
12636
12667
12693
12644
12634
12688
12692
12673
12707
12682
12651
12647
12691
12692
12687
12679
12664
12634
12644
12651
12683
12665
12644
12696
12689
12646
12692
12643
12704
12650
12712
12651
12640
12662
12648
12667
12706
12707
12646
12679
12637
12666
12654
12681
12684
12641
12624
12627
12701
12653
12642
12631
12683
12491
12639
12646
12669
12683
12753
12685
12639
12628
12671
12648
12630
12679
12672
12677
12664
12644
12651
12709
12650
12647
12629
12687
12671
12636
12679
12681
12666
12656
12683
12683
12661
12660
12636
12646
12666
12638
12670
12636
12677
12693
12634
12659
12659
12679
12694
12656
12660
12666
12651
12669
12669
12625
12645
12633
12636
12669
12658
12659
12689
12638
12687
12642
12676
12681
12638
12634
12660
12634
12688
12673
12638
12688
12677
12673
12683
12645
12639
12643
12637
12684
12665
12694
12673
12687
12657
12697
12619
12671
12681
12668
12669
12687
12698
12672
12640
12659
12661
12669
12653
12679
12640
12669
12668
12746
12644
12686
12709
12676
12636
12663
12678
12646
12630
12681
12644
12666
12645
12643
12646
12660
12661
12673
12754
12646
12680
12649
12696
12676
12646
12673
12685
12669
12674
12655
12652
12660
12651
12669
12638
12699
12683
12637
12678
12651
12662
12649
12673
12634
12658
12669
12505
12678
12666
12667
12648
12644
12666
12625
12670
12637
12620
12664
12662
12649
12702
12667
12636
12640
12660
12620
12626
12642
12694
12648
12671
12654
12630
12651
12630
12651
12665
12709
12696
12625
12684
12706
12680
12677
12651
12670
12644
12703
12660
12684
12661
12672
12661
12645
12648
12676
12627
12634
12685
12733
12629
12637
12638
12650
12638
12670
12656
12632
12716
12661
12641
12668
12692
12682
12634
12641
12709
12699
12674
12632
12683
12666
12621
12686
12669
12678
12669
12666
12659
12626
12673
12651
12694
12643
12688
12681
12669
12650
12701
12651
12655
12699
12670
12643
12643
12671
12686
12511
12637
12619
12701
12670
12632
12696
12641
12676
12669
12709
12689
12632
12639
12706
12647
12669
12627
12622
12674
12631
12653
12674
12696
12648
12658
12633
12657
12641
12681
12663
12490
12667
12689
12659
12661
12680
12674
12654
12660
12529
12640
12745
12622
12637
12682
12685
12634
12635
12644
12641
12639
12642
12680
12657
12680
12628
12711
12639
12663
12668
12662
12664
12659
12680
12626
12639
12661
12642
12637
12696
12677
12691
12632
12688
12701
12666
12634
12652
12649
12690
12672
12706
12653
12670
12637
12636
12670
12652
12673
12656
12623
12670
12694
12699
12680
12655
12695
12680
12643
12627
12660
12675
12639
12654
12696
12650
12663
12652
12669
12672
12672
12641
12676
12650
12643
12662
12643
12646
12658
12670
12654
12688
12507
12658
12686
12644
12700
12686
12671
12635
12678
12624
12664
12656
12674
12674
12641
12633
12684
12626
12654
12653
12660
12618
12652
12666
12720
12642
12667
12693
12678
12642
12639
12619
12657
12664
12660
12667
12622
12691
12684
12681
12687
12634
12645
12711
12630
12676
12668
12677
12508
12670
12652
12645
12681
12706
12673
12673
12664
12635
12737
12687
12640
12634
12640
12646
12712
12677
12656
12709
12649
12666
12687
12671
12639
12643
12638
12643
12676
12711
12677
12665
12668
12680
12709
12723
12656
12661
12637
12674
12659
12650
12639
12638
12670
12628
12636
12639
12671
12643
12637
12703
12663
12659
12675
12647
12622
12622
12632
12659
12669
12660
12645
12514
12667
12754
12677
12627
12646
12643
12696
12659
12654
12668
12634
12689
12660
12659
12733
12670
12664
12659
12682
12625
12667
