ocp
12568
12564
12597
12551
12580
12564
12583
12595
12538
12546
12594
12584
12543
12587
12597
12594
12567
12607
12536
12543
12595
12565
12557
12550
12557
12594
12591
12591
12543
12560
12550
12554
12600
12568
12595
12558
12573
12591
12542
12553
12598
12558
12540
12544
12579
12586
12538
12577
12541
12525
12574
12543
12576
12556
12624
12561
12564
12566
12563
12562
12542
12535
12560
12562
12540
12603
12530
12562
12549
12603
12409
12596
12543
12602
12580
12572
12590
12550
12536
12550
12549
12562
12584
12545
12597
12586
12553
12560
12577
12534
12566
12558
12570
12597
12537
12601
12602
12549
12551
12574
12563
12586
12614
12568
12543
12565
12592
12568
12408
12582
12549
12578
12536
12554
12532
12597
12532
12559
12594
12561
12548
12552
12548
12602
12408
12595
12568
12663
12551
12562
12550
12541
12566
12559
12533
12577
12530
12563
12528
12560
12597
12557
12562
12548
12534
12568
12546
12573
12555
12574
12560
12594
12603
12537
12563
12554
12570
12571
12537
12575
12548
12561
12610
12601
12557
12561
12556
12611
12588
12549
12581
12589
12544
12549
12558
12579
12583
12564
12543
12579
12566
12600
12604
12561
12600
12581
12592
12568
12538
12568
12604
12585
12565
12550
12580
12411
12569
12578
12568
12603
12559
12410
12595
12595
12552
12559
12595
12566
12568
12553
12543
12567
12583
12546
12600
12548
12580
12572
12578
12530
12558
12594
12585
12555
12585
12552
12597
12572
12579
12548
12558
12594
12582
12544
12594
12549
12555
12560
12543
12567
12543
12582
12562
12542
12602
12548
12546
12663
12553
12585
12580
12582
12587
12562
12584
12568
12407
12598
12573
12597
12551
12605
12585
12550
12548
12558
12594
12561
12564
12564
12555
12569
12553
12570
12568
12546
12585
12556
12557
12534
12564
12571
12582
12572
12539
12558
12558
12556
12578
12560
12538
12564
12538
12546
12594
12556
12560
12617
12557
12551
12526
12570
12551
12582
12556
12574
12552
12565
12560
12550
12550
12562
12582
12591
12545
12557
12650
12575
12580
12578
12555
12542
12592
12543
12581
12566
12556
12560
12539
12568
12585
12570
12568
12577
12584
12547
12566
12553
12586
12551
12564
12591
12576
12535
12566
12543
12542
12593
12564
12597
12564
12557
12571
12409
12559
12575
12606
12572
12556
12557
12545
12552
12553
12596
12544
12528
12538
12560
12555
12560
12577
12561
12545
12555
12556
12553
12553
12551
12536
12571
12566
12551
12557
12660
12559
12596
12565
12573
12552
12557
12546
12563
12560
12561
12427
12598
12565
12555
12587
12543
12550
12576
12545
12557
12563
12562
12569
12562
12583
12594
12551
12595
12557
12551
12539
12553
12546
12555
12542
12581
12561
12558
12598
12569
12568
12587
12604
12560
12597
12565
12558
12569
12570
12576
12595
12535
12580
12581
12538
12566
12569
12609
12594
12531
12567
12568
12563
12566
12539
12587
12653
12568
12555
12565
12537
12574
12581
12562
12566
12566
12563
12547
12559
12536
12653
12596
12560
12546
12558
12561
12547
12613
12644
12582
12410
12542
12556
12597
12528
12595
12562
12563
12574
12648
12569
12596
12545
12581
12578
12547
12567
12573
12569
12553
12559
12592
12570
12532
12567
12585
12568
12589
12564
12591
12560
12569
12550
12561
12577
12599
12579
12546
12560
12577
12569
12598
12551
12584
12527
12570
12541
12597
12582
12546
12592
12556
12558
12573
12563
12570
12555
12569
12608
12550
12542
12566
12548
12553
12558
12560
12547
12546
12542
12535
12553
12557
12591
12588
12536
12591
12563
12551
12554
12542
12557
12555
12567
12601
12545
12551
12570
12585
12564
12565
12568
12579
12558
12555
12543
12569
12659
12415
12547
12583
12533
12556
12549
12589
12557
12539
12656
12552
12538
12576
12595
12571
12578
12583
12547
12560
12579
12663
12592
12561
12547
12558
12557
12582
12413
12558
12529
12570
12587
12604
12572
12579
12568
12577
12569
12534
12548
12564
12593
12564
12563
12568
12577
12561
12574
12566
12659
12534
12545
12570
12530
12577
12563
12575
12573
12543
12573
12592
12583
12551
12547
12554
12550
12574
12567
12602
12560
12535
12563
12553
12547
12548
12593
12564
12563
12578
12585
12580
12600
12555
12540
12590
12558
12569
12601
12565
12540
12553
12538
12597
12562
12538
12532
12571
12557
12535
12566
12586
12589
12569
12548
12561
12556
12596
12595
12568
12598
12572
12550
12565
12564
12561
12594
12556
12589
12569
12536
12562
12580
12574
12592
12541
12570
12565
12542
12571
12567
12549
12580
12591
12553
12569
12539
12546
12541
12543
12578
12552
12540
12552
12541
12560
12670
12583
12546
12534
12656
12556
12532
12597
12535
12544
12586
12565
12597
12587
12566
12409
12599
12562
12561
12554
12558
12557
12560
12605
12605
12598
12570
12573
12548
12601
12590
12569
12538
12544
12594
12563
12563
12526
12563
12573
12553
12590
12554
12555
12583
12563
12610
12595
12583
12562
12556
12568
12601
12583
12565
12556
12570
12589
12575
12561
12595
12545
12537
12553
12566
12558
12653
12555
12590
12585
12601
12594
12542
12533
12564
12567
12594
12547
12587
12562
12601
12595
12562
12585
12549
12577
12583
12563
12587
12561
12540
12554
12558
12583
12572
12561
12570
12570
12532
12528
12567
12561
12535
12573
12560
12568
12567
12595
12543
12559
12600
12559
12556
12531
12593
12600
12560
12579
12554
12566
12562
12572
12552
12551
12547
12561
12600
12576
12592
12569
12566
12558
12570
12562
12568
12588
12560
12561
12568
12551
12581
12528
12567
12568
12570
12568
12550
12543
12587
12557
12550
12546
12556
12537
12616
12419
12560
12549
12573
12585
12555
12608
12575
12565
12609
12564
12593
12563
12544
12594
12559
12543
12597
12531
12565
12598
12540
12537
12564
12574
12578
12561
12556
12570
12546
12546
12591
12542
12556
12558
12569
12563
12542
12559
12558
12580
12593
12570
12558
12560
12594
12577
12588
12547
12596
12572
12562
12548
12581
12578
12602
12541
12601
12560
12557
12563
12532
12565
12541
12580
12569
12577
12590
12571
12408
12569
12571
12559
12552
12576
12562
12562
12571
12548
12532
12552
12579
12575
12551
12598
12562
12555
12597
12553
12666
12570
12563
12584
12404
12553
12559
12582
12541
12536
12571
12554
12558
12571
12594
12578
12557
12563
12544
12589
12556
12568
12579
12561
12572
12579
12603
12555
12584
12568
12569
12568
12560
12593
12398
12580
12598
12553
12565
12560
