ocp
12751
12749
12757
12744
12734
12758
12748
12748
12747
12760
12744
12748
12759
12746
12747
12758
12749
12765
12768
12743
12741
12741
12751
12748
12764
12760
12738
12753
12741
12757
12712
12760
12763
12757
12756
12750
12748
12740
12734
12748
12721
12762
12740
12842
12766
12748
12776
12758
12735
12756
12735
12742
12715
12756
12746
12771
12758
12736
12591
12750
12748
12718
12718
12758
12604
12748
12748
12732
12748
12749
12748
12762
12747
12751
12752
12740
12718
12746
12748
12731
12744
12741
12749
12721
12754
12753
12751
12768
12757
12753
12744
12752
12729
12749
12742
12739
12760
12732
12751
12746
12705
12745
12744
12748
12739
12751
12750
12754
12764
12753
12751
12749
12831
12736
12746
12739
12733
12737
12742
12754
12738
12739
12783
12762
12753
12783
12742
12757
12729
12735
12754
12740
12743
12744
12742
12746
12739
12764
12720
12748
12754
12745
12747
12739
12754
12740
12732
12756
12741
12739
12768
12717
12724
12751
12738
12741
12753
12758
12752
12747
12766
12750
12739
12747
12749
12727
12727
12752
12740
12749
12753
12761
12746
12730
12745
12757
12747
12748
12743
12766
12755
12853
12742
12756
12742
12742
12747
12745
12715
12755
12841
12754
12750
12749
12748
12751
12741
12731
12760
12748
12753
12739
12750
12752
12732
12770
12741
12765
12735
12749
12745
12752
12731
12744
12760
12731
12718
12754
12746
12745
12742
12756
12759
12786
12717
12741
12739
12716
12720
12775
12741
12746
12743
12712
12730
12755
12742
12751
12756
12740
12753
12739
12771
12763
12770
12766
12733
12718
12763
12775
12743
12740
12750
12745
12757
12745
12762
12749
12740
12744
12744
12753
12742
12744
12725
12743
12748
12749
12786
12756
12760
12707
12722
12716
12741
12735
12743
12747
12844
12733
12746
12741
12748
12735
12738
12750
12762
12746
12756
12746
12739
12746
12749
12747
12745
12757
12732
12749
12724
12714
12745
12739
12749
12752
12740
12739
12753
12724
12747
12754
12758
12758
12769
12743
12742
12746
12738
12739
12751
12762
12607
12765
12747
12770
12744
12745
12742
12753
12750
12769
12755
12733
12751
12750
12739
12734
12735
12763
12738
12745
12761
12760
12754
12738
12762
12718
12732
12745
12741
12750
12757
12737
12757
12711
12753
12741
12750
12711
12742
12768
12716
12763
12752
12739
12751
12750
12757
12736
12731
12752
12749
12729
12746
12747
12748
12732
12759
12760
12747
12745
12742
12733
12745
12743
12758
12745
12716
12723
12727
12734
12747
12744
12747
12762
12769
12748
12753
12749
12764
12759
12758
12828
12735
12752
12713
12757
12737
12730
12727
12731
12741
12742
12723
12748
12736
12740
12737
12764
12742
12715
12728
12715
12845
12711
12761
12754
12734
12739
12778
12741
12760
12748
12729
12738
12736
12709
12749
12755
12748
12746
12717
12752
12740
12749
12713
12747
12748
12736
12737
12761
12745
12756
12746
12747
12745
12746
12593
12738
12738
12730
12740
12595
12760
12746
12749
12741
12741
12748
12717
12609
12728
12735
12747
12747
12742
12759
12762
12745
12726
12749
12712
12750
12749
12735
12747
12744
12747
12738
12719
12719
12717
12751
12750
12748
12752
12764
12758
12734
12743
12724
12772
12728
12726
12713
12752
12748
12743
12759
12712
12742
12780
12734
12738
12755
12772
12749
12732
12746
12750
12742
12750
12755
12746
12749
12757
12758
12726
12772
12726
12749
12787
12761
12737
12742
12840
12771
12745
12749
12738
12738
12743
12760
12759
12729
12749
12742
12745
12747
12747
12743
12751
12747
12756
12748
12767
12758
12745
12825
12744
12755
12748
12778
12719
12751
12717
12736
12759
12718
12721
12718
12738
12744
12753
12765
12755
12720
12758
12749
12725
12701
12763
12743
12745
12753
12717
12739
12720
12742
12757
12745
12763
12771
12707
12765
12751
12748
12744
12747
12754
12749
12762
12751
12766
12739
12731
12716
12723
12735
12741
12748
12750
12753
12743
12753
12745
12764
12753
12745
12724
12744
12749
12711
12738
12766
12730
12767
12752
12737
12751
12740
12744
12745
12723
12750
12763
12748
12706
12734
12762
12711
12736
12735
12744
12717
12727
12746
12742
12748
12746
12766
12746
12751
12752
12757
12768
12723
12759
12719
12771
12734
12737
12747
12744
12742
12728
12752
12752
12730
12738
12745
12747
12758
12586
12766
12754
12736
12755
12739
12724
12741
12744
12745
12745
12744
12739
12748
12739
12748
12760
12771
12748
12730
12741
12746
12742
12724
12746
12749
12771
12737
12760
12708
12752
12739
12747
12735
12753
12746
12738
12715
12720
12740
12744
12740
12752
12737
12590
12717
12747
12736
12741
12744
12755
12757
12749
12586
12750
12752
12758
12744
12763
12731
12746
12751
12705
12754
12750
12745
12753
12749
12749
12762
12722
12723
12586
12731
12744
12741
12711
12741
12732
12751
12749
12750
12747
12718
12754
12707
12738
12755
12744
12744
12732
12739
12756
12723
12777
12717
12724
12741
12731
12752
12743
12712
12755
12770
12777
12765
12770
12747
12747
12758
12757
12737
12711
12757
12734
12749
12752
12751
12743
12755
12718
12737
12759
12756
12735
12747
12738
12742
12763
12750
12745
12752
12756
12757
12752
12720
12747
12763
12730
12739
12769
12766
12736
12751
12746
12735
12765
12710
12745
12606
12741
12755
12763
12749
12743
12741
12835
12751
12751
12712
12748
12750
12738
12737
12752
12760
12747
12771
12761
12748
12751
12737
12723
12779
12710
12750
12752
12750
12759
12742
12743
12728
12756
12744
12753
12743
12739
12752
12731
12747
12746
12745
12734
12608
12750
12704
12741
12748
12748
12723
12750
12762
12763
12762
12744
12745
12743
12725
12749
12750
12749
12762
12754
12745
12733
12739
12740
12750
12742
12765
12740
12742
12721
12772
12744
12745
12840
12772
12746
12728
12743
12740
12751
12733
12748
12756
12759
12729
12754
12752
12748
12758
12754
12739
12745
12749
12735
12704
12750
12744
12735
12745
12756
12742
12765
12760
12754
12754
12746
12709
12758
12755
12751
12753
12754
12747
12739
12734
12753
12740
12737
12762
12740
12733
12716
12753
12743
12744
12718
12730
12754
12761
12774
12738
12724
12708
12746
12737
12744
12749
12724
12761
12782
12741
12770
12738
12747
12753
12744
12732
12713
12752
12734
12743
12745
12785
12714
12738
12741
12743
12752
12754
12741
12751
12766
12752
12742
12755
12742
12743
12851
12751
12756
12732
12741
12750
12762
12735
