ocp
12674
12693
12777
12665
12798
12687
12683
12677
12702
12719
12654
12712
12683
12666
12690
12672
12676
12673
12678
12688
12648
12678
12669
12696
12686
12692
12668
12677
12674
12700
12700
12680
12698
12700
12669
12698
12653
12791
12707
12700
12689
12680
12689
12662
12682
12664
12693
12679
12669
12683
12669
12668
12658
12697
12710
12677
12670
12707
12682
12681
12697
12702
12670
12663
12675
12683
12668
12665
12704
12662
12676
12656
12682
12661
12677
12693
12686
12666
12691
12698
12684
12702
12679
12684
12690
12683
12691
12687
12682
12704
12646
12522
12533
12693
12534
12677
12688
12670
12664
12678
12682
12702
12710
12712
12675
12684
12690
12673
12699
12664
12694
12686
12683
12664
12667
12702
12689
12697
12686
12678
12667
12681
12710
12690
12681
12677
12678
12689
12659
12696
12725
12708
12674
12696
12683
12688
12698
12726
12700
12702
12674
12764
12682
12707
12685
12689
12700
12696
12666
12688
12700
12683
12684
12680
12748
12681
12686
12677
12694
12680
12666
12698
12679
12667
12711
12666
12699
12688
12683
12663
12678
12654
12712
12684
12704
12686
12703
12680
12690
12677
12668
12693
12681
12670
12667
12685
12666
12683
12699
12697
12665
12676
12686
12662
12688
12698
12656
12696
12694
12666
12694
12668
12672
12697
12686
12659
12665
12650
12668
12669
12675
12686
12678
12687
12685
12690
12685
12706
12679
12661
12714
12653
12685
12673
12677
12669
12716
12683
12664
12672
12672
12533
12680
12711
12704
12695
12692
12686
12675
12699
12661
12683
12714
12714
12707
12701
12688
12701
12703
12667
12689
12677
12692
12714
12664
12696
12686
12689
12659
12696
12680
12683
12667
12685
12673
12717
12675
12684
12710
12682
12683
12671
12665
12686
12686
12667
12700
12689
12674
12673
12677
12688
12694
12705
12694
12692
12684
12705
12714
12700
12655
12692
12695
12675
12678
12695
12714
12688
12697
12690
12681
12696
12690
12683
12673
12703
12681
12683
12718
12727
12674
12697
12677
12686
12671
12672
12654
12682
12783
12675
12669
12693
12703
12680
12681
12675
12693
12658
12695
12674
12701
12657
12706
12672
12693
12658
12686
12683
12693
12663
12666
12674
12681
12722
12689
12690
12678
12689
12680
12695
12676
12694
12660
12703
12661
12712
12677
12532
12694
12686
12701
12680
12683
12696
12709
12686
12682
12680
12685
12688
12708
12704
12686
12663
12685
12712
12714
12673
12681
12701
12697
12671
12681
12682
12695
12673
12669
12682
12678
12675
12703
12689
12680
12700
12687
12691
12687
12695
12678
12686
12697
12704
12695
12672
12716
12707
12675
12689
12690
12694
12668
12665
12683
12698
12686
12668
12670
12696
12681
12687
12687
12672
12691
12686
12665
12706
12668
12696
12691
12526
12669
12683
12668
12684
12707
12668
12683
12681
12707
12702
12683
12703
12678
12686
12700
12694
12779
12682
12685
12681
12715
12660
12675
12686
12690
12671
12712
12686
12690
12707
12654
12689
12679
12701
12706
12732
12707
12690
12736
12669
12693
12669
12675
12675
12682
12673
12667
12698
12674
12704
12669
12699
12694
12684
12674
12688
12682
12696
12685
12707
12672
12709
12671
12700
12717
12697
12677
12658
12671
12678
12683
12681
12664
12667
12674
12682
12680
12664
12686
12690
12693
12680
12711
12690
12679
12704
12715
12689
12672
12693
12673
12658
12671
12701
12701
12661
12711
12677
12694
12666
12702
12688
12680
12669
12686
12692
12683
12673
12688
12691
12695
12682
12659
12679
12672
12705
12683
12702
12679
12698
12699
12675
12690
12694
12691
12668
12693
12711
12680
12697
12696
12673
12737
12707
12706
12674
12699
12673
12683
12665
12700
12667
12680
12680
12691
12683
12676
12663
12707
12647
12710
12698
12690
12680
12682
12682
12657
12706
12659
12679
12679
12710
12668
12694
12681
12678
12687
12694
12706
12703
12681
12693
12680
12681
12683
12676
12689
12689
12661
12683
12681
12779
12689
12674
12698
12655
12681
12672
12680
12689
12700
12684
12663
12692
12657
12677
12723
12667
12703
12682
12681
12673
12687
12668
12692
12797
12683
12706
12688
12683
12694
12654
12678
12706
12676
12663
12683
12685
12663
12695
12684
12678
12677
12686
12660
12692
12682
12696
12657
12704
12684
12675
12683
12691
12688
12657
12537
12716
12668
12691
12681
12690
12683
12674
12684
12688
12707
12695
12659
12658
12708
12678
12698
12656
12687
12670
12684
12670
12763
12717
12675
12660
12662
12689
12666
12675
12713
12706
12699
12686
12719
12695
12648
12662
12678
12677
12683
12694
12699
12691
12689
12685
12715
12678
12704
12687
12685
12676
12694
12691
12693
12685
12685
12683
12674
12683
12662
12686
12693
12674
12668
12705
12678
12680
12779
12701
12688
12694
12665
12709
12705
12682
12687
12690
12719
12697
12676
12694
12701
12679
12703
12692
12688
12694
12697
12686
12680
12709
12679
12678
12698
12701
12692
12688
12698
12698
12689
12679
12677
12535
12676
12671
12685
12714
12669
12684
12692
12701
12670
12668
12720
12691
12673
12699
12683
12706
12680
12702
12675
12671
12684
12684
12678
12680
12666
12714
12722
12682
12677
12660
12691
12694
12686
12694
12695
12692
12683
12678
12709
12681
12669
12681
12697
12702
12674
12688
12702
12680
12536
12663
12682
12693
12690
12703
12674
12686
12692
12669
12676
12675
12667
12684
12709
12677
12697
12728
12686
12696
12691
12698
12667
12670
12662
12676
12678
12681
12680
12687
12676
12671
12667
12676
12674
12674
12665
12683
12701
12674
12688
12656
12673
12777
12673
12699
12681
12683
12689
12694
12693
12679
12676
12706
12679
12683
12687
12672
12702
12540
12667
12686
12708
12693
12681
12669
12663
12704
12687
12670
12698
12675
12712
12679
12666
12712
12679
12668
12704
12658
12668
12686
12692
12534
12682
12678
12675
12709
12680
12686
12700
12687
12678
12662
12704
12689
12681
12677
12692
12688
12673
12698
12677
12707
12668
12681
12700
12702
12680
12693
12707
12677
12710
12716
12710
12690
12664
12704
12687
12692
12711
12679
12681
12554
12684
12657
12684
12681
12671
12696
12663
12694
12698
12683
12659
12704
12699
12685
12685
12688
12725
12726
12785
12693
12675
12690
12670
12693
12712
12685
12686
12691
12675
12702
12696
12686
12679
12719
12677
12690
12667
12713
12688
12665
12667
12661
12667
12674
12665
12689
12666
12693
12686
12686
12687
12687
12693
12699
12670
12689
12678
12693
