ocp
12724
12724
12730
12744
12739
12729
12701
12731
12731
12749
12731
12729
12703
12742
12729
12736
12702
12743
12837
12741
12715
12747
12719
12727
12771
12729
12726
12746
12728
12712
12713
12721
12722
12749
12732
12728
12741
12720
12724
12733
12736
12709
12725
12727
12724
12713
12738
12745
12731
12742
12733
12823
12743
12724
12719
12728
12726
12704
12745
12742
12705
12726
12732
12725
12730
12715
12712
12754
12748
12739
12717
12839
12735
12740
12756
12726
12738
12734
12733
12741
12732
12728
12719
12703
12722
12720
12715
12737
12725
12742
12752
12737
12733
12746
12717
12732
12748
12718
12723
12731
12737
12713
12727
12716
12717
12732
12734
12726
12745
12702
12741
12752
12738
12751
12747
12747
12732
12734
12712
12735
12742
12731
12741
12723
12711
12726
12741
12751
12724
12732
12717
12734
12712
12718
12727
12720
12715
12740
12714
12729
12737
12750
12729
12735
12728
12743
12731
12731
12720
12745
12727
12743
12733
12736
12736
12706
12747
12732
12717
12725
12725
12724
12738
12710
12709
12726
12749
12704
12729
12745
12735
12721
12743
12734
12719
12724
12746
12726
12753
12722
12735
12751
12737
12725
12725
12720
12734
12726
12735
12722
12739
12718
12737
12749
12749
12722
12733
12744
12729
12755
12705
12703
12743
12701
12712
12723
12727
12824
12745
12732
12716
12731
12752
12719
12737
12754
12720
12719
12725
12733
12725
12716
12738
12708
12709
12721
12734
12755
12749
12737
12744
12763
12727
12732
12707
12735
12708
12730
12751
12738
12740
12734
12711
12725
12725
12750
12748
12751
12728
12738
12770
12750
12737
12744
12706
12750
12753
12755
12729
12723
12739
12721
12726
12726
12756
12720
12741
12750
12581
12729
12712
12713
12747
12697
12758
12727
12730
12728
12731
12725
12745
12729
12754
12751
12723
12715
12761
12743
12716
12724
12738
12728
12708
12719
12733
12729
12747
12735
12733
12704
12745
12721
12755
12708
12730
12750
12727
12757
12727
12715
12718
12756
12748
12723
12732
12714
12725
12730
12758
12752
12730
12753
12725
12712
12745
12724
12730
12717
12584
12737
12720
12748
12724
12757
12708
12720
12764
12719
12719
12719
12749
12723
12733
12733
12822
12746
12719
12752
12740
12737
12719
12733
12733
12728
12717
12745
12742
12721
12701
12721
12736
12751
12739
12755
12766
12716
12735
12733
12741
12734
12706
12722
12720
12751
12744
12731
12725
12719
12728
12746
12717
12707
12735
12738
12707
12751
12729
12717
12746
12700
12742
12742
12706
12736
12714
12740
12751
12754
12725
12744
12736
12717
12750
12725
12752
12707
12730
12722
12727
12740
12733
12744
12751
12717
12749
12824
12723
12732
12715
12726
12715
12712
12718
12720
12739
12755
12764
12752
12715
12741
12707
12729
12729
12730
12702
12747
12712
12747
12715
12720
12718
12722
12700
12578
12734
12824
12712
12734
12710
12736
12717
12719
12745
12719
12716
12720
12716
12749
12720
12719
12721
12753
12731
12714
12760
12712
12730
12720
12728
12732
12729
12730
12719
12742
12712
12750
12738
12748
12741
12708
12731
12731
12732
12719
12720
12731
12720
12731
12782
12721
12725
12591
12706
12735
12740
12761
12716
12696
12714
12738
12728
12581
12718
12756
12740
12739
12722
12731
12742
12765
12716
12727
12716
12739
12726
12730
12730
12709
12723
12719
12744
12719
12749
12721
12713
12720
12726
12721
12724
12719
12836
12733
12718
12710
12703
12722
12720
12735
12720
12758
12722
12712
12735
12707
12725
12734
12741
12743
12732
12748
12746
12726
12751
12730
12734
12742
12703
12582
12738
12742
12717
12718
12721
12723
12726
12745
12722
12728
12751
12732
12734
12748
12761
12726
12716
12735
12724
12730
12744
12728
12710
12712
12730
12743
12734
12707
12721
12724
12722
12712
12723
12726
12705
12743
12718
12739
12749
12742
12731
12709
12718
12731
12735
12742
12748
12733
12737
12725
12720
12722
12711
12721
12726
12734
12740
12744
12718
12717
12723
12718
12720
12735
12705
12731
12745
12715
12731
12742
12714
12703
12743
12696
12735
12751
12724
12730
12746
12745
12722
12723
12744
12727
12723
12717
12587
12735
12719
12741
12729
12725
12708
12752
12756
12751
12734
12731
12745
12728
12736
12721
12706
12726
12711
12713
12729
12694
12740
12713
12721
12719
12733
12732
12825
12735
12749
12722
12605
12690
12727
12731
12727
12778
12722
12708
12704
12739
12727
12714
12737
12744
12736
12740
12717
12724
12734
12727
12735
12725
12759
12732
12756
12715
12708
12747
12707
12729
12717
12736
12720
12719
12737
12722
12743
12716
12733
12728
12736
12731
12740
12726
12714
12735
12742
12721
12728
12720
12707
12712
12727
12743
12751
12725
12708
12732
12752
12719
12749
12723
12713
12716
12731
12706
12719
12721
12714
12711
12754
12716
12731
12713
12703
12733
12743
12732
12718
12706
12737
12722
12706
12828
12732
12748
12724
12713
12740
12756
12749
12579
12712
12708
12735
12731
12773
12780
12730
12740
12731
12717
12708
12730
12737
12745
12731
12715
12715
12710
12749
12730
12741
12710
12715
12730
12723
12720
12736
12733
12717
12704
12721
12722
12707
12701
12757
12744
12712
12724
12735
12722
12724
12724
12747
12747
12722
12704
12741
12713
12741
12820
12733
12717
12730
12720
12719
12752
12730
12755
12729
12720
12734
12730
12721
12749
12723
12740
12732
12719
12702
12726
12741
12710
12708
12727
12739
12724
12747
12726
12712
12711
12731
12748
12755
12740
12746
12730
12744
12744
12738
12732
12722
12737
12723
12727
12743
12730
12736
12698
12732
12746
12745
12738
12725
12756
12724
12721
12715
12726
12712
12725
12714
12708
12747
12708
12746
12714
12717
12740
12722
12723
12754
12738
12712
12743
12730
12732
12700
12594
12721
12751
12723
12744
12723
12751
12724
12740
12726
12740
12725
12568
12714
12744
12708
12713
12717
12710
12714
12730
12738
12829
12721
12744
12718
12723
12720
12722
12733
12734
12707
12730
12716
12744
12744
12723
12824
12735
12701
12701
12727
12715
12717
12737
12753
12719
12705
12735
12730
12724
12746
12724
12730
12597
12746
12736
12577
12721
12711
12711
12761
12716
12721
12745
12732
12748
12722
12703
12722
12728
12730
12719
12717
12739
12744
12735
12738
12752
12727
12720
12740
12705
12715
12707
12717
12732
12572
12714
12723
12732
12713
12732
12742
12723
12759
12737
12722
12727
12731
12744
12727
12737
12724
12827
