ocp
12800
12796
12825
12839
12820
12805
12834
12823
12830
12817
12782
12832
12811
12836
12898
12806
12819
12833
12787
12794
12829
12793
12823
12817
12801
12824
12819
12802
12795
12832
12806
12834
12819
12795
12787
12835
12832
12803
12830
12793
12812
12837
12808
12798
12799
12792
12840
12803
12829
12819
12839
12832
12811
12817
12832
12818
12800
12828
12790
12787
12819
12787
12838
12798
12855
12810
12799
12839
12790
12804
12833
12820
12825
12785
12819
12825
12794
12787
12840
12811
12851
12823
12827
12900
12827
12837
12799
12801
12826
12844
12827
12829
12818
12814
12839
12790
12840
12801
12807
12818
12851
12829
12800
12806
12818
12828
12831
12832
12809
12808
12816
12844
12841
12827
12816
12836
12840
12831
12789
12832
12828
12827
12828
12816
12815
12849
12829
12786
12828
12814
12821
12804
12852
12831
12831
12822
12813
12805
12828
12808
12825
12823
12786
12822
12813
12904
12796
12810
12837
12823
12664
12783
12827
12845
12796
12899
12823
12801
12819
12806
12801
12796
12811
12802
12824
12801
12789
12803
12782
12797
12792
12831
12796
12829
12831
12793
12840
12781
12816
12800
12840
12789
12822
12823
12800
12830
12829
12819
12804
12809
12813
12818
12794
12847
12828
12795
12827
12808
12821
12815
12812
12827
12789
12826
12793
12805
12837
12801
12820
12838
12810
12829
12811
12838
12798
12829
12823
12830
12796
12832
12802
12804
12816
12811
12809
12794
12801
12655
12829
12830
12834
12809
12822
12820
12821
12832
12825
12827
12830
12797
12782
12833
12795
12827
12778
12809
12800
12820
12806
12814
12833
12836
12825
12787
12801
12831
12824
12677
12813
12827
12820
12792
12906
12827
12826
12796
12847
12823
12834
12817
12830
12802
12795
12816
12818
12811
12809
12781
12824
12821
12829
12798
12783
12825
12839
12817
12815
12811
12817
12835
12832
12828
12655
12798
12811
12808
12816
12806
12831
12800
12822
12665
12796
12810
12822
12822
12801
12657
12800
12836
12784
12837
12823
12822
12829
12810
12832
12809
12834
12825
12822
12784
12827
12847
12817
12787
12825
12784
12831
12801
12827
12806
12804
12790
12788
12787
12831
12836
12809
12788
12808
12815
12811
12811
12816
12806
12841
12825
12777
12814
12835
12811
12817
12844
12805
12812
12832
12802
12826
12825
12797
12823
12826
12832
12794
12824
12802
12813
12807
12798
12827
12837
12817
12817
12796
12834
12841
12842
12826
12836
12825
12784
12805
12801
12794
12828
12818
12843
12817
12802
12823
12794
12825
12789
12807
12832
12811
12834
12837
12797
12830
12830
12818
12816
12822
12799
12820
12787
12789
12827
12801
12796
12797
12828
12790
12782
12818
12826
12833
12782
12799
12812
12808
12789
12824
12832
12834
12809
12832
12801
12833
12805
12830
12805
12829
12805
12821
12817
12794
12817
12801
12797
12828
12837
12841
12790
12831
12828
12842
12822
12793
12812
12823
12826
12821
12830
12844
12822
12805
12840
12793
12793
12808
12834
12809
12841
12842
12828
12815
12809
12801
12828
12803
12811
12837
12795
12822
12797
12795
12805
12656
12818
12780
12841
12821
12817
12838
12823
12821
12828
12821
12826
12871
12840
12830
12831
12832
12827
12823
12779
12813
12793
12808
12826
12825
12853
12836
12833
12814
12815
12814
12797
12814
12829
12823
12810
12823
12782
12838
12800
12819
12804
12832
12835
12824
12814
12660
12828
12837
12835
12802
12801
12816
12822
12811
12830
12825
12809
12829
12825
12823
12806
12803
12823
12817
12824
12843
12830
12807
12796
12803
12808
12808
12826
12832
12801
12827
12829
12821
12805
12829
12789
12824
12838
12789
12810
12842
12812
12804
12832
12842
12845
12822
12820
12910
12823
12826
12816
12839
12829
12817
12794
12821
12790
12826
12831
12808
12832
12797
12803
12829
12816
12818
12899
12835
12825
12822
12858
12801
12831
12828
12796
12790
12795
12820
12832
12810
12846
12829
12816
12826
12835
12796
12829
12811
12918
12804
12795
12804
12827
12781
12805
12828
12828
12786
12827
12813
12796
12835
12825
12843
12826
12801
12809
12827
12844
12818
12820
12819
12826
12823
12828
12841
12821
12821
12794
12827
12826
12841
12830
12793
12809
12821
12830
12797
12795
12820
12779
12818
12786
12830
12837
12792
12798
12830
12835
12833
12810
12907
12830
12843
12842
12810
12835
12804
12825
12821
12825
12789
12808
12838
12799
12832
12838
12812
12821
12794
12814
12787
12819
12801
12827
12812
12826
12835
12822
12804
12806
12816
12800
12820
12792
12819
12833
12787
12835
12819
12816
12820
12830
12782
12842
12699
12827
12806
12792
12824
12822
12806
12828
12798
12835
12835
12818
12827
12835
12830
12821
12829
12837
12841
12831
12783
12790
12821
12831
12826
12827
12811
12829
12798
12817
12816
12801
12794
12808
12824
12827
12794
12828
12795
12801
12790
12815
12825
12842
12815
12814
12783
12832
12815
12821
12832
12797
12840
12832
12653
12822
12829
12841
12840
12821
12810
12824
12815
12828
12824
12784
12817
12829
12828
12774
12841
12653
12820
12826
12813
12802
12782
12796
12800
12823
12895
12798
12818
12823
12831
12839
12826
12821
12804
12802
12842
12822
12826
12799
12791
12795
12821
12806
12816
12834
12818
12805
12795
12794
12827
12788
12821
12787
12814
12669
12812
12807
12837
12804
12808
12840
12824
12829
12833
12836
12807
12797
12797
12854
12794
12808
12816
12818
12846
12818
12839
12787
12811
12810
12831
12830
12832
12822
12825
12807
12821
12830
12792
12797
12804
12820
12780
12796
12819
12829
12822
12810
12809
12833
12819
12822
12790
12817
12913
12861
12844
12798
12827
12795
12827
12815
12793
12813
12840
12834
12789
12826
12814
12776
12794
12833
12839
12822
12785
12831
12800
12826
12835
12796
12819
12812
12829
12808
12831
12837
12809
12818
12838
12781
12813
12793
12796
12791
12845
12817
12826
12794
12825
12795
12783
12794
12832
12830
12823
12805
12836
12823
12799
12831
12838
12799
12822
12812
12846
12839
12830
12835
12802
12832
12826
12821
12804
12804
12795
12828
12830
12804
12804
12805
12798
12793
12815
12798
12830
12819
12845
12833
12806
12801
12794
12826
12822
12811
12824
12799
12809
12826
12820
12834
12822
12839
12810
12832
12825
12792
12834
12833
12806
12784
12808
12798
12809
12822
12840
12824
12785
12827
12851
12814
12808
12822
12929
12810
12780
12808
12795
12790
12826
12822
12829
12839
12813
12829
