ocp
12559
12574
12583
12592
12589
12582
12681
12604
12611
12564
12590
12618
12592
12591
12567
12577
12616
12568
12602
12589
12592
12571
12569
12556
12564
12592
12569
12572
12572
12604
12575
12603
12613
12605
12614
12559
12565
12580
12602
12617
12582
12567
12580
12584
12600
12595
12560
12678
12569
12618
12574
12572
12587
12580
12588
12596
12568
12610
12604
12443
12579
12596
12611
12619
12568
12605
12584
12581
12583
12589
12564
12600
12595
12575
12576
12580
12574
12545
12576
12570
12599
12563
12573
12558
12563
12569
12611
12606
12605
12596
12589
12559
12573
12604
12603
12589
12571
12565
12603
12577
12566
12605
12596
12565
12612
12572
12603
12605
12597
12563
12610
12602
12584
12571
12562
12589
12571
12587
12605
12603
12611
12617
12673
12563
12561
12592
12575
12581
12604
12587
12597
12611
12566
12572
12585
12602
12594
12601
12571
12589
12570
12594
12623
12564
12562
12600
12568
12569
12575
12600
12592
12575
12604
12576
12557
12581
12565
12605
12557
12583
12576
12569
12624
12575
12559
12608
12587
12603
12582
12572
12582
12582
12574
12584
12561
12601
12609
12595
12688
12613
12615
12564
12587
12597
12629
12586
12565
12573
12594
12576
12617
12604
12577
12565
12620
12569
12582
12582
12606
12566
12599
12597
12604
12601
12558
12600
12609
12585
12572
12595
12592
12588
12596
12601
12586
12599
12584
12570
12622
12590
12606
12570
12580
12572
12624
12563
12444
12595
12588
12573
12600
12575
12574
12574
12586
12579
12570
12435
12564
12585
12596
12586
12567
12565
12591
12598
12564
12603
12569
12599
12604
12579
12603
12578
12581
12568
12592
12598
12566
12557
12563
12556
12574
12582
12578
12567
12598
12606
12600
12568
12602
12576
12590
12566
12567
12583
12605
12574
12603
12597
12571
12590
12583
12574
12581
12603
12615
12560
12577
12545
12568
12435
12616
12603
12579
12582
12570
12603
12563
12583
12580
12594
12597
12609
12567
12579
12580
12595
12577
12580
12574
12565
12595
12571
12577
12606
12607
12585
12606
12586
12590
12630
12599
12582
12615
12604
12597
12572
12567
12564
12583
12595
12572
12603
12592
12618
12578
12610
12578
12596
12608
12588
12591
12589
12595
12685
12550
12575
12602
12441
12578
12588
12581
12568
12599
12568
12583
12594
12618
12600
12559
12560
12587
12588
12572
12566
12576
12579
12571
12576
12571
12607
12605
12571
12616
12580
12608
12585
12580
12565
12587
12570
12679
12594
12592
12572
12569
12568
12572
12604
12602
12565
12567
12599
12592
12565
12606
12567
12589
12603
12580
12578
12565
12579
12582
12590
12685
12577
12572
12605
12580
12584
12579
12565
12678
12590
12564
12586
12565
12612
12598
12602
12606
12563
12559
12594
12564
12568
12612
12575
12620
12595
12573
12599
12572
12572
12608
12579
12575
12573
12573
12556
12601
12572
12574
12574
12600
12565
12602
12591
12597
12569
12573
12572
12578
12588
12576
12564
12574
12598
12625
12591
12604
12573
12586
12608
12583
12581
12579
12605
12573
12580
12586
12568
12599
12619
12599
12594
12598
12586
12564
12589
12562
12560
12579
12563
12621
12631
12592
12579
12585
12597
12581
12603
12584
12558
12584
12588
12577
12574
12615
12445
12611
12585
12587
12579
12612
12584
12594
12577
12580
12590
12600
12578
12578
12572
12576
12569
12563
12585
12586
12602
12589
12599
12683
12592
12563
12600
12586
12591
12578
12560
12568
12604
12601
12570
12588
12569
12574
12584
12565
12562
12550
12565
12605
12606
12571
12570
12565
12575
12601
12591
12571
12561
12586
12580
12605
12580
12600
12602
12434
12585
12578
12594
12610
12598
12614
12582
12575
12609
12569
12588
12612
12581
12562
12578
12577
12568
12612
12614
12560
12576
12603
12598
12561
12599
12603
12576
12593
12603
12556
12573
12608
12561
12604
12574
12575
12581
12591
12606
12569
12568
12613
12599
12596
12578
12601
12579
12592
12559
12603
12618
12565
12593
12563
12581
12603
12597
12598
12570
12585
12587
12567
12598
12571
12602
12571
12615
12602
12573
12586
12582
12559
12606
12571
12586
12591
12596
12580
12677
12559
12574
12618
12594
12567
12566
12582
12570
12569
12595
12577
12600
12576
12563
12595
12572
12604
12562
12604
12578
12589
12583
12607
12567
12573
12571
12569
12580
12547
12611
12602
12589
12608
12581
12607
12604
12443
12572
12602
12558
12581
12445
12677
12566
12588
12576
12582
12567
12601
12606
12585
12569
12573
12574
12566
12616
12604
12579
12594
12571
12577
12591
12603
12561
12587
12599
12562
12586
12599
12597
12583
12573
12600
12599
12596
12605
12571
12561
12592
12602
12577
12579
12576
12608
12588
12574
12572
12571
12576
12588
12578
12570
12572
12581
12615
12561
12579
12577
12590
12559
12591
12598
12599
12435
12564
12609
12572
12677
12624
12572
12603
12605
12575
12580
12595
12596
12567
12623
12560
12592
12595
12587
12427
12574
12564
12599
12563
12569
12589
12567
12561
12604
12595
12556
12673
12572
12570
12602
12569
12577
12575
12581
12597
12588
12608
12595
12609
12600
12595
12587
12575
12562
12595
12551
12593
12572
12560
12584
12597
12443
12563
12590
12576
12573
12610
12620
12599
12576
12578
12573
12605
12609
12588
12604
12558
12604
12591
12574
12614
12587
12619
12591
12582
12574
12611
12567
12575
12592
12579
12613
12568
12593
12592
12604
12563
12569
12589
12580
12587
12565
12575
12579
12597
12576
12616
12606
12596
12600
12601
12596
12615
12573
12573
12591
12590
12559
12566
12579
12576
12607
12581
12563
12576
12601
12594
12583
12598
12629
12596
12579
12567
12556
12578
12585
12569
12576
12591
12601
12601
12579
12594
12561
12584
12536
12560
12599
12579
12563
12583
12616
12602
12572
12567
12606
12574
12616
12569
12578
12616
12579
12599
12564
12600
12603
12597
12565
12587
12571
12572
12571
12607
12560
12584
12606
12579
12599
12564
12569
12582
12598
12587
12626
12588
12573
12581
12584
12613
12564
12572
12588
12681
12597
12582
12573
12600
12576
12568
12597
12582
12598
12579
12603
12574
12568
12586
12568
12577
12545
12562
12581
12571
12600
12595
12610
12569
12607
12549
12598
12568
12600
12565
12582
12568
12582
12599
12571
12580
12573
12619
12578
12572
12458
12573
12571
12597
12602
12576
12582
12602
12575
12565
12567
12594
12592
12570
12602
12584
12612
12603
12566
12436
12568
12622
12563
12618
12578
12600
12633
12601
12621
