ocp
12619
12652
12638
12636
12633
12626
12630
12656
12646
12634
12597
12619
12601
12658
12636
12636
12643
12633
12626
12652
12647
12632
12595
12655
12637
12612
12590
12603
12629
12637
12636
12622
12604
12619
12663
12621
12608
12625
12618
12627
12643
12630
12600
12626
12627
12634
12629
12638
12632
12631
12604
12624
12642
12618
12627
12597
12606
12618
12604
12607
12651
12641
12625
12612
12643
12617
12618
12597
12595
12602
12630
12637
12601
12602
12598
12646
12604
12628
12629
12605
12632
12623
12638
12622
12642
12599
12647
12629
12634
12617
12601
12655
12635
12608
12640
12594
12647
12599
12605
12597
12622
12601
12612
12649
12647
12627
12638
12634
12643
12619
12639
12614
12636
12631
12618
12600
12648
12651
12597
12482
12630
12619
12625
12608
12498
12644
12645
12633
12640
12638
12712
12636
12627
12648
12629
12595
12648
12629
12613
12620
12640
12651
12618
12639
12610
12621
12622
12603
12596
12596
12640
12713
12627
12600
12642
12623
12641
12594
12605
12634
12639
12622
12710
12638
12629
12629
12603
12638
12629
12605
12644
12601
12623
12640
12610
12627
12621
12615
12615
12627
12642
12655
12609
12657
12619
12598
12642
12644
12633
12628
12616
12611
12611
12464
12613
12626
12641
12607
12614
12610
12628
12633
12625
12614
12633
12595
12626
12598
12623
12633
12633
12603
12635
12593
12600
12613
12601
12618
12622
12625
12609
12669
12605
12607
12599
12622
12608
12625
12605
12581
12622
12596
12617
12632
12605
12605
12612
12621
12611
12620
12645
12657
12620
12612
12631
12629
12657
12628
12652
12649
12597
12471
12605
12614
12640
12630
12647
12646
12618
12591
12598
12627
12639
12635
12628
12613
12634
12650
12641
12621
12617
12652
12627
12637
12626
12623
12634
12597
12620
12619
12623
12605
12612
12610
12619
12583
12621
12600
12628
12632
12654
12615
12600
12608
12633
12618
12625
12629
12622
12602
12617
12624
12619
12637
12615
12601
12614
12626
12643
12645
12625
12626
12632
12599
12623
12635
12653
12604
12602
12478
12620
12623
12615
12648
12616
12722
12639
12644
12606
12631
12605
12635
12642
12610
12617
12631
12636
12618
12625
12587
12585
12626
12633
12609
12602
12625
12606
12636
12635
12633
12617
12627
12619
12638
12633
12595
12609
12656
12619
12626
12609
12631
12653
12642
12621
12604
12611
12624
12622
12608
12596
12601
12620
12610
12641
12630
12608
12637
12596
12617
12625
12644
12631
12613
12596
12607
12650
12642
12641
12620
12643
12624
12644
12642
12635
12593
12604
12658
12604
12654
12715
12610
12640
12608
12607
12639
12629
12619
12637
12593
12617
12630
12642
12635
12709
12627
12627
12620
12482
12604
12611
12627
12601
12595
12603
12627
12620
12606
12596
12641
12618
12623
12618
12613
12621
12630
12603
12628
12636
12608
12618
12594
12639
12644
12613
12606
12590
12666
12621
12634
12596
12634
12609
12632
12628
12655
12612
12631
12641
12627
12637
12632
12643
12624
12612
12611
12580
12639
12608
12713
12653
12621
12604
12650
12635
12639
12623
12620
12605
12620
12622
12647
12652
12644
12632
12622
12614
12648
12639
12652
12634
12652
12643
12637
12624
12617
12637
12651
12598
12628
12602
12619
12641
12606
12621
12647
12625
12608
12611
12649
12616
12640
12598
12631
12637
12619
12591
12646
12622
12616
12614
12656
12629
12606
12598
12623
12621
12482
12603
12636
12596
12622
12602
12658
12653
12631
12605
12613
12631
12599
12645
12641
12645
12629
12625
12615
12648
12613
12616
12630
12590
12629
12730
12630
12633
12628
12645
12653
12629
12613
12626
12628
12595
12629
12639
12631
12631
12635
12604
12651
12622
12613
12633
12598
12633
12629
12625
12599
12605
12624
12626
12644
12637
12649
12661
12608
12615
12623
12628
12633
12597
12628
12649
12626
12625
12590
12606
12610
12625
12634
12628
12629
12614
12648
12628
12613
12605
12631
12625
12490
12607
12598
12640
12642
12633
12605
12613
12638
12641
12622
12616
12629
12633
12680
12630
12633
12632
12592
12646
12641
12624
12623
12657
12618
12611
12627
12624
12665
12625
12610
12615
12628
12586
12651
12604
12642
12618
12602
12612
12629
12628
12630
12648
12622
12608
12608
12641
12619
12629
12619
12610
12639
12592
12631
12614
12641
12480
12629
12615
12600
12616
12631
12615
12621
12618
12601
12609
12648
12615
12645
12632
12628
12595
12614
12601
12632
12608
12615
12619
12643
12601
12638
12610
12628
12618
12599
12652
12632
12595
12629
12633
12620
12603
12627
12626
12635
12613
12635
12620
12621
12598
12662
12626
12720
12663
12632
12672
12646
12607
12625
12634
12651
12616
12624
12624
12617
12629
12657
12481
12644
12615
12642
12623
12605
12599
12637
12626
12616
12611
12608
12620
12642
12600
12642
12608
12608
12640
12617
12473
12634
12615
12629
12603
12593
12619
12633
12647
12615
12655
12593
12647
12624
12616
12626
12647
12615
12590
12617
12633
12613
12624
12729
12600
12599
12598
12613
12634
12611
12637
12626
12639
12596
12626
12602
12622
12622
12601
12628
12609
12639
12616
12590
12638
12638
12720
12636
12608
12625
12600
12648
12606
12637
12651
12601
12608
12654
12600
12614
12637
12606
12634
12633
12627
12612
12600
12613
12631
12614
12605
12638
12636
12630
12659
12602
12622
12629
12604
12610
12614
12619
12624
12634
12631
12628
12640
12611
12636
12612
12626
12631
12608
12615
12616
12628
12602
12621
12628
12606
12613
12636
12623
12601
12650
12609
12663
12630
12613
12621
12613
12643
12603
12618
12626
12631
12644
12636
12613
12618
12625
12628
12654
12640
12626
12625
12631
12643
12624
12599
12620
12612
12597
12627
12633
12601
12642
12652
12615
12632
12641
12635
12619
12641
12622
12640
12631
12635
12599
12641
12656
12632
12607
12600
12590
12649
12472
12713
12653
12617
12643
12631
12619
12614
12633
12617
12629
12592
12602
12613
12647
12616
12648
12617
12640
12600
12651
12622
12644
12604
12606
12655
12613
12622
12605
12598
12629
12650
12628
12639
12612
12598
12592
12642
12628
12620
12619
12641
12609
12715
12601
12608
12649
12602
12651
12661
12627
12628
12478
12624
12591
12597
12608
12596
12598
12663
12640
12659
12621
12598
12626
12613
12609
12614
12601
12631
12621
12627
12633
12639
12657
12613
12605
12636
12631
12634
12618
12596
12624
12593
12633
12630
12636
12604
12612
12604
12610
12632
12644
12604
12614
12640
