ocp
12755
12768
12752
12718
12737
12761
12736
12723
12758
12741
12743
12763
12754
12712
12768
12753
12751
12738
12763
12714
12737
12730
12756
12742
12743
12743
12745
12736
12739
12763
12740
12735
12743
12770
12725
12711
12767
12738
12736
12712
12717
12721
12752
12726
12723
12715
12743
12736
12731
12735
12754
12767
12738
12725
12767
12746
12757
12720
12759
12715
12579
12765
12840
12755
12741
12756
12742
12748
12727
12742
12721
12758
12751
12739
12780
12746
12747
12747
12763
12722
12743
12715
12714
12750
12740
12756
12745
12722
12723
12738
12746
12732
12713
12737
12768
12763
12715
12756
12593
12751
12715
12730
12734
12588
12706
12714
12758
12768
12753
12759
12757
12744
12762
12718
12593
12740
12747
12768
12741
12751
12752
12737
12734
12754
12709
12827
12776
12837
12746
12751
12782
12776
12771
12745
12762
12730
12718
12731
12755
12750
12708
12750
12760
12761
12753
12716
12742
12755
12717
12830
12708
12727
12718
12721
12719
12744
12712
12757
12719
12756
12736
12726
12763
12724
12754
12746
12766
12730
12767
12724
12756
12747
12746
12719
12776
12766
12739
12747
12765
12735
12748
12763
12725
12748
12712
12759
12746
12753
12754
12746
12743
12779
12745
12724
12746
12721
12730
12704
12751
12726
12742
12731
12734
12718
12721
12735
12718
12727
12720
12735
12750
12716
12758
12744
12746
12740
12762
12734
12760
12755
12719
12757
12734
12757
12746
12729
12738
12599
12749
12712
12749
12730
12705
12740
12718
12750
12718
12751
12724
12603
12752
12720
12793
12747
12755
12729
12758
12741
12719
12719
12750
12749
12764
12721
12714
12599
12737
12726
12724
12763
12734
12701
12775
12754
12753
12740
12720
12745
12724
12758
12751
12727
12756
12739
12733
12745
12750
12763
12723
12725
12772
12764
12735
12827
12748
12731
12777
12759
12750
12748
12701
12746
12719
12740
12756
12733
12727
12717
12709
12739
12762
12717
12773
12730
12753
12719
12737
12742
12764
12748
12733
12725
12709
12742
12715
12717
12722
12742
12732
12706
12757
12746
12768
12765
12743
12723
12730
12736
12709
12737
12784
12767
12742
12761
12709
12832
12715
12749
12733
12765
12760
12771
12741
12737
12761
12699
12736
12739
12749
12836
12716
12727
12730
12744
12719
12767
12740
12723
12745
12776
12766
12737
12714
12733
12758
12790
12708
12746
12766
12744
12596
12715
12746
12738
12766
12755
12723
12745
12751
12697
12719
12760
12760
12721
12734
12753
12767
12750
12755
12724
12723
12733
12761
12748
12726
12763
12732
12742
12706
12746
12738
12748
12745
12709
12592
12694
12738
12733
12766
12757
12837
12713
12733
12755
12761
12721
12752
12722
12752
12774
12749
12753
12729
12770
12718
12742
12738
12748
12744
12756
12748
12752
12741
12760
12740
12762
12748
12753
12753
12738
12731
12707
12736
12723
12753
12763
12763
12770
12739
12745
12731
12723
12772
12718
12716
12700
12724
12773
12719
12745
12713
12752
12735
12749
12742
12759
12751
12723
12759
12721
12715
12720
12745
12706
12731
12748
12719
12749
12768
12759
12755
12759
12723
12781
12779
12710
12714
12723
12723
12747
12769
12744
12709
12735
12743
12749
12707
12752
12713
12763
12785
12756
12745
12775
12740
12757
12595
12724
12746
12715
12758
12761
12742
12768
12765
12714
12769
12715
12722
12756
12735
12739
12744
12707
12760
12729
12747
12759
12745
12750
12746
12765
12775
12738
12732
12726
12713
12738
12756
12723
12752
12761
12716
12729
12776
12595
12729
12718
12751
12727
12762
12704
12749
12741
12732
12743
12739
12740
12744
12746
12772
12741
12743
12727
12781
12731
12744
12742
12735
12716
12710
12752
12760
12750
12773
12726
12741
12733
12744
12738
12614
12745
12751
12723
12736
12741
12733
12719
12745
12735
12710
12739
12738
12734
12734
12757
12758
12767
12733
12730
12768
12725
12759
12750
12744
12761
12745
12752
12711
12754
12764
12735
12740
12736
12747
12739
12761
12733
12759
12768
12736
12728
12761
12717
12758
12769
12713
12709
12736
12714
12716
12744
12763
12755
12749
12757
12763
12746
12753
12742
12714
12749
12745
12759
12762
12747
12727
12725
12720
12766
12771
12727
12720
12755
12750
12751
12695
12825
12769
12726
12733
12757
12737
12762
12735
12738
12747
12759
12750
12737
12586
12704
12755
12757
12709
12733
12736
12763
12747
12713
12772
12749
12765
12762
12752
12724
12728
12724
12745
12742
12721
12704
12715
12769
12718
12772
12772
12749
12767
12726
12759
12732
12766
12748
12763
12727
12753
12704
12749
12592
12725
12732
12749
12708
12719
12740
12772
12768
12744
12778
12760
12747
12763
12742
12759
12713
12733
12722
12758
12714
12771
12761
12726
12765
12760
12724
12748
12743
12755
12818
12767
12736
12753
12740
12716
12761
12717
12782
12737
12767
12722
12776
12713
12743
12726
12738
12751
12732
12759
12724
12769
12736
12729
12725
12753
12750
12752
12713
12727
12780
12725
12755
12753
12735
12722
12706
12760
12761
12745
12730
12769
12754
12762
12721
12731
12738
12841
12760
12742
12711
12763
12753
12749
12752
12723
12712
12726
12732
12725
12749
12744
12762
12734
12759
12762
12760
12764
12744
12765
12722
12716
12770
12819
12751
12764
12713
12738
12750
12762
12711
12752
12715
12767
12740
12746
12717
12739
12759
12736
12737
12746
12727
12717
12733
12777
12723
12758
12719
12784
12718
12717
12731
12749
12754
12753
12725
12729
12721
12774
12751
12723
12739
12715
12773
12745
12744
12767
12755
12761
12745
12729
12579
12750
12726
12748
12711
12824
12741
12705
12742
12714
12735
12719
12763
12722
12763
12735
12774
12716
12756
12757
12740
12703
12755
12724
12735
12757
12757
12725
12709
12738
12752
12750
12750
12711
12752
12736
12765
12754
12743
12746
12734
12748
12742
12741
12756
12760
12734
12752
12739
12740
12744
12748
12769
12705
12734
12755
12746
12749
12771
12737
12745
12744
12742
12714
12738
12761
12748
12751
12744
12741
12752
12748
12775
12711
12754
12739
12737
12767
12721
12728
12717
12780
12741
12713
12762
12757
12763
12732
12763
12735
12764
12760
12727
12740
12769
12735
12826
12749
12711
12736
12752
12730
12731
12752
12725
12732
12716
12740
12750
12744
12738
12756
12715
12757
12738
12748
12712
12776
12726
12750
12753
12752
12742
12757
12759
12742
12718
12740
12736
12827
12761
12748
12762
12727
12736
12741
12712
12719
12748
