ocp
12755
12740
12750
12748
12749
12745
12743
12751
12742
12738
12756
12751
12759
12734
12741
12603
12739
12745
12730
12749
12753
12751
12757
12750
12754
12733
12730
12753
12756
12742
12750
12732
12731
12743
12745
12744
12751
12741
12749
12843
12749
12754
12776
12738
12723
12738
12737
12747
12750
12742
12726
12751
12768
12726
12732
12738
12738
12742
12738
12774
12748
12744
12728
12750
12722
12748
12730
12733
12753
12749
12734
12737
12729
12750
12746
12748
12756
12742
12736
12756
12602
12742
12732
12763
12746
12746
12754
12734
12741
12754
12724
12739
12743
12735
12744
12741
12746
12749
12751
12752
12741
12729
12749
12747
12751
12736
12747
12751
12744
12760
12762
12724
12729
12744
12732
12731
12740
12745
12746
12726
12734
12743
12743
12745
12741
12611
12722
12746
12765
12746
12748
12738
12730
12757
12755
12747
12746
12742
12757
12772
12738
12761
12742
12728
12740
12729
12730
12755
12749
12737
12734
12746
12747
12734
12748
12749
12761
12725
12728
12742
12762
12734
12739
12740
12740
12752
12756
12740
12746
12739
12741
12745
12729
12756
12731
12746
12771
12770
12775
12730
12739
12737
12739
12761
12727
12734
12773
12745
12717
12752
12731
12750
12740
12728
12748
12747
12733
12745
12749
12748
12763
12737
12746
12756
12739
12731
12741
12764
12742
12743
12753
12744
12753
12751
12747
12762
12751
12751
12716
12744
12733
12739
12748
12753
12761
12753
12753
12742
12737
12764
12750
12746
12748
12725
12753
12735
12746
12598
12750
12745
12732
12733
12765
12739
12735
12741
12747
12751
12724
12754
12733
12764
12740
12745
12752
12745
12740
12746
12744
12725
12751
12739
12741
12756
12738
12745
12746
12740
12740
12750
12748
12744
12752
12733
12745
12751
12775
12737
12740
12726
12739
12747
12610
12756
12744
12751
12745
12755
12757
12733
12735
12734
12742
12736
12743
12741
12761
12714
12731
12729
12761
12791
12739
12746
12758
12769
12750
12733
12744
12744
12744
12728
12739
12738
12736
12737
12731
12744
12749
12748
12754
12759
12748
12746
12742
12746
12728
12757
12754
12735
12745
12753
12768
12755
12732
12746
12747
12759
12733
12750
12739
12766
12737
12764
12748
12753
12728
12747
12745
12743
12744
12745
12725
12758
12728
12741
12742
12742
12734
12750
12742
12611
12747
12732
12727
12736
12739
12741
12750
12742
12747
12743
12749
12728
12720
12720
12742
12745
12751
12728
12752
12746
12756
12742
12744
12756
12743
12736
12749
12744
12744
12743
12741
12744
12740
12747
12742
12779
12749
12720
12731
12738
12748
12759
12761
12737
12753
12744
12743
12748
12752
12742
12737
12733
12752
12745
12748
12742
12738
12743
12747
12718
12754
12776
12739
12729
12746
12743
12753
12745
12728
12733
12748
12758
12734
12729
12760
12752
12605
12744
12769
12748
12736
12746
12753
12755
12750
12838
12747
12765
12728
12747
12723
12750
12774
12744
12852
12751
12741
12743
12747
12762
12724
12749
12742
12743
12745
12741
12741
12755
12721
12736
12728
12744
12737
12770
12744
12752
12726
12745
12752
12737
12741
12606
12738
12751
12727
12738
12729
12743
12732
12731
12751
12748
12768
12756
12750
12742
12749
12743
12742
12608
12749
12752
12765
12749
12744
12747
12757
12737
12750
12752
12745
12751
12740
12750
12743
12741
12745
12744
12738
12735
12734
12733
12738
12747
12744
12758
12744
12847
12773
12750
12738
12742
12767
12742
12753
12733
12734
12743
12733
12746
12737
12745
12770
12750
12742
12730
12751
12725
12731
12751
12747
12751
12747
12751
12754
12737
12756
12739
12741
12743
12742
12742
12758
12752
12751
12749
12758
12747
12732
12736
12767
12744
12754
12745
12759
12732
12767
12751
12754
12758
12744
12757
12749
12751
12740
12734
12746
12746
12728
12739
12739
12755
12726
12736
12731
12731
12738
12737
12737
12843
12774
12725
12769
12768
12726
12735
12739
12752
12758
12751
12745
12761
12740
12756
12748
12729
12731
12750
12738
12764
12742
12726
12757
12748
12741
12745
12746
12736
12748
12753
12774
12734
12746
12741
12734
12743
12738
12728
12743
12717
12753
12741
12734
12746
12746
12738
12752
12757
12773
12747
12738
12765
12732
12732
12746
12744
12754
12735
12734
12757
12723
12739
12737
12731
12742
12863
12743
12834
12731
12735
12749
12714
12734
12752
12769
12786
12749
12737
12729
12730
12733
12742
12745
12740
12748
12744
12737
12744
12749
12750
12732
12731
12756
12753
12740
12747
12747
12742
12747
12745
12727
12760
12738
12759
12746
12735
12729
12741
12728
12736
12752
12721
12760
12751
12745
12749
12739
12753
12749
12731
12753
12753
12757
12750
12742
12745
12743
12742
12776
12736
12738
12753
12754
12729
12756
12758
12747
12751
12739
12743
12750
12748
12749
12747
12759
12746
12747
12724
12746
12748
12742
12753
12762
12835
12744
12851
12761
12744
12736
12742
12720
12753
12751
12748
12747
12745
12740
12732
12740
12740
12739
12734
12749
12733
12739
12754
12761
12596
12748
12738
12725
12753
12750
12740
12728
12744
12738
12734
12749
12763
12748
12739
12741
12753
12745
12748
12730
12723
12758
12730
12754
12755
12744
12744
12760
12744
12739
12740
12752
12771
12736
12744
12751
12742
12735
12741
12754
12755
12752
12759
12759
12748
12751
12740
12727
12753
12758
12759
12746
12749
12739
12729
12735
12737
12744
12727
12753
12747
12754
12735
12739
12747
12741
12762
12739
12732
12722
12737
12736
12748
12731
12728
12746
12749
12756
12741
12732
12767
12725
12748
12751
12733
12739
12735
12735
12753
12725
12748
12740
12746
12750
12722
12744
12741
12729
12731
12742
12731
12744
12728
12766
12734
12746
12737
12751
12727
12751
12743
12737
12751
12731
12741
12738
12777
12752
12716
12737
12746
12743
12725
12773
12752
12747
12723
12743
12722
12728
12762
12735
12739
12842
12745
12844
12739
12743
12741
12747
12722
12745
12762
12746
12745
12735
12740
12756
12738
12748
12612
12748
12748
12750
12751
12752
12744
12736
12778
12727
12737
12754
12758
12749
12736
12725
12735
12750
12743
12744
12733
12748
12736
12744
12743
12751
12747
12730
12750
12745
12744
12743
12753
12742
12730
12746
12755
12747
12742
12734
12730
12772
12728
12737
12745
12744
12604
12751
12742
12766
12750
12848
12748
12740
12740
12766
12761
12752
12747
12737
12761
12735
12740
12735
12729
12735
12737
12730
12759
12764
12750
