12689.42
12699.75
12707.25
12698.42
12703
12690.25
12698.83
12700.33
12699.5
12693.75
12685.08
12706.42
12686.42
12695.5
12700.67
12680.08
12694.17
12696.17
12700.67
12685.75
12694.33
12687.92
12687
12693
12693.58
12696.58
12689.67
12688.75
12682.67
12701.92
12684.67
12695.08
12701
12695.17
12697.83
12684.25
12690.58
12698.17
12689.42
12697.83
12689
12688.17
12690.67
12680.17
12693.5
12689.67
12688
12698.75
12687.92
12681.67
12688.17
12701.42
12693.5
12696.83
12704.92
12689.67
12690.5
12688
12676.83
12675.58
12679.83
12680.75
12697.83
12692.17
12679.25
12699
12680.17
12691.58
12684.5
12690.33
12674.83
12705
12687.5
12688.5
12700.25
12692.25
12690.5
12690.92
12695.17
12688.75
12688.08
12685.17
12687.5
12692.5
12695.33
12689.17
12699.17
12688.33
12694.67
12699.67
12684.33
12677.92
12670.33
12696.25
12682.58
12690.25
12693.83
12684.83
12675.42
12688.67
12673.17
12690.5
12696.5
12680.75
12691.83
12688.92
12703.5
12696.92
12684.42
12688
12696.25
12682.08
12701.75
12686.17
12674.42
12689.25
12698.92
12694.33
12688.5
12681.58
12688.92
12697.83
12704.25
12696.42
12659.08
12698.08
12690.08
12713.92
12690.33
12687.83
12704.67
12695.58
12693
12692.67
12688.83
12688.92
12686.5
12698.58
12686.92
12695.75
12695.25
12705
12692.67
12685.67
12687
12697.25
12686.67
12693.83
12684.08
12699.33
12677.83
12694.25
12695.58
12687.83
12689
12700.67
12691.17
12687
12682.67
12688.58
12689.33
12686.42
12711.33
12689.08
12692.83
12692.17
12688.33
12698.33
12691.08
12680.58
12700.83
12690.5
12683.5
12689.08
12691.5
12694.42
12698.75
12688.92
12701.58
12689.17
12695.58
12701.75
12691.92
12699.08
12690.67
12684.58
12694.5
12696.5
12685.75
12692.83
12716.83
12697.58
12684.42
12678.67
12697.08
12673.25
12690.58
12683
12695.17
12688.67
12692.25
12673.58
12693.25
12691.67
12681.25
12684.42
12693.83
12697.33
12685.17
12694
12691.08
12691.17
12693.33
12691.17
12703.67
12679.67
12687.75
12692.5
12693.33
12689.33
12691.75
12694.67
12699
12689
12687.67
12686.92
12680.83
12662.5
12681
12692.08
12681.33
12679.08
12686.33
12689.83
12692.42
12689.25
12682.75
12671.17
12691.83
12679.92
12686.25
12693
12696.33
12693.75
12694.67
12694.33
12693.92
12700.42
12693.92
12696.5
12698.08
12686.08
12693.5
12691.75
12692
12678.42
12683.67
12687.67
12680.42
12691.17
12685.67
12682.67
12698.33
12691.42
12694.25
12685.08
12696.75
12696.75
12685
12689
12694.92
12681.83
12691.75
12684.33
12686.17
12684.67
12702.75
12684.92
12702.83
12684.33
12705.42
12691.33
12686.5
12698.5
12688.08
12685.67
12698.5
12688.58
12699.92
12689.42
12686.92
12686.75
12669.08
12687.83
12702.25
12694.5
12699.5
12692
12688.42
12684.67
12689
12676.08
12694.67
12693.67
12694.92
12693.33
12685.08
12681.5
12693
12694.08
12683.42
12697.58
12698.67
12691.92
12683.42
12687.42
12697
12688.17
12704.33
12686.92
12685
12700
12692.08
12692.17
12695.58
12698.83
12687.42
12691.25
12671.5
12689.17
12685.67
12677.92
12694.58
12698.83
12683.92
12692.42
12693.92
12694.83
12689.58
12684
12689.17
12697.08
12692.25
12689.08
12700.83
12697.08
12679.67
12686.42
12692.25
12693.58
12687.67
12693.08
12690.42
12683.67
12693.67
12700
12692.25
12682.75
12695
12703.92
12688.25
12687.08
12691.33
12697.83
12695.58
12688.83
12686.42
12688.17
12687.83
12686.25
12676.92
12691.75
12689.75
12692.17
12697.75
12691.67
12692.08
12695.5
12690.42
12685.75
12688.17
12685.92
12705.67
12701.17
12691.58
12690.25
12696.67
12693.83
12689.92
12684.75
12694.08
12691.83
12684.92
12691.92
12667.33
12693.08
12691.25
12699.75
12693.25
12692.33
12696.67
12697.92
12691.75
12688.17
12678.25
12686.67
12701.75
12685.75
12694
12695.83
12690.58
12690.83
12686.08
12688.33
12707.42
12691.58
12686.08
12694.08
12677.08
12676.75
12685
12687.67
12698.58
12686.08
12689.08
12684.25
12699.58
12693.75
12702.17
12675.83
12691.92
12691.92
12688
12695.83
12674.08
12671.5
12693.58
12698.17
12681.75
12687.08
12687.33
12687.25
12677.08
12673.5
12698.08
12700.58
12701.92
12706.58
12690.42
12696.58
12695.33
12693
12696.92
12691.75
12694.83
12690.08
12690.17
12693.75
12692.58
12695.58
12683.33
12682
12692.08
12689.92
12699.08
12705.83
12688.92
12693.5
12695.08
12691.58
12685.58
12685.83
12693.67
12688.75
12669.25
12699.25
12694.75
12699.67
12686.92
12697.58
12682.42
12695.42
12677.58
12693.67
12695.08
12682.25
12685.5
12701.08
12691.75
12690.42
12686.75
12692
12676.17
12693.08
12695.5
12699.75
12694.33
12696.75
12685.5
12687.25
12702.08
12657.92
12690.33
12691.25
12695.33
12697.67
12684.08
12689.75
12689
12691.75
12698.83
12690.83
12685.33
12694.42
12694.83
12695.33
12691.42
12686.42
12686.25
12694.75
12687
12695.17
12698.92
12689.58
12698.83
12672.58
12673.42
12683.25
12690.5
12705.75
12697.92
12692.42
12690.25
12696.58
12699.33
12692.92
12688.25
12684.92
12690.67
12689.75
12690.08
12689.33
12686.08
12685.5
12691.5
12679.92
12696.25
12685.75
12685.33
12691.92
12692
12690.25
12695.25
12696.33
12694.33
12690.25
12695.75
12688
12691.67
12692.33
12683.17
12698.5
12687.67
12689.5
12700.17
12694.25
12696.67
12685.83
12685.5
12691.17
12694.17
12679.33
12703
12693.33
12703.5
12692.08
12692.5
12687.42
12701.83
12684.75
12689.5
12692.83
12694.5
12693.08
12694.83
12693.25
12675.92
12691.17
12686.58
12691.17
12684.42
12702.75
12694.75
12698.17
12692.92
12687.75
12695.58
12699.42
12683.5
12702
12694.25
12692.92
12698.92
12703.25
12695.42
12693.58
12688.17
12691.83
12690.33
12673
12690.58
12701.08
12700.08
12698.33
12691.33
12706.83
12691.42
12688.83
12690.08
12695.58
12695.75
12685.5
12691
12699.5
12692.08
12697.67
12691.67
12683.92
12694.25
12685.67
12703.42
12689.42
12698.17
12692.83
12690.58
12709.42
12691.25
12699.75
12689.58
12696
12683.25
12686.42
12692.83
12679.17
12680.92
12686.75
12694.67
12688.42
12688.33
12699.5
12689.5
12694.75
12691.75
12691.67
12687.5
12689.58
12690.5
12692.42
12685.67
12683.5
12682.08
12697.25
12679.67
12687.08
12684.33
12686.25
12662.33
12702
12690.42
12695.67
12679.75
12690.58
12690.58
12694.33
12691.25
12694.67
12672.58
12699.25
12691.5
12686.17
12701
12679.83
12697.25
12688.75
12689.83
12687.33
12686.5
12683.25
12700.92
12702.17
12684.08
12681.5
12684.17
12691.17
12694.58
12694.08
12709.17
12689.67
12691.33
12682.92
12702.42
12681.25
12685.42
12696.67
12684.42
12698.83
12683.25
12690.17
12687.75
12676.33
12683.17
12685.92
12683.5
12696.83
12696.75
12690.67
12694.67
12699.58
12691.92
12694.08
12701
12692.92
12706.83
12695.75
12692.08
12675
12685.75
12689.25
12680.92
12696.75
12693.25
12684.67
12688.75
12690.08
12697
12692.75
12696.5
12691.33
12693.33
12699.42
12694.5
12692.33
12692.33
12682.33
12658.25
12690
12691.08
12706.58
12680.08
12685.83
12691
12692.58
12688.17
12685.83
12695.33
12700.58
12688.08
12699.58
12693.33
12694.58
12700.42
12688
12673.75
12690.58
12683.92
12693.08
12677.67
12678.08
12689.67
12666.67
12683.83
12702.25
12695
12693.33
12696.42
12675.33
12694
12692.92
12689.67
12681.67
12698.67
12692.67
12702.25
12674
12679.83
12694.83
12710.5
12694.42
12683.08
12683
12690.5
12688.92
12696.08
12687.08
12700.33
12688.75
12694.17
12694.08
12686.25
12682.58
12684.75
12695.92
12701.67
12691.67
12696.92
12696.75
12686.83
12685.08
12698.83
12683.67
12694.42
12699.25
12700
12689.75
12690.08
12685.25
12697.83
12688.67
12685.67
12685.25
12698.58
12665.5
12695.42
12693.08
12700.42
12690
12692.17
12693.33
12699
12679.17
12687.08
12694.67
12691.42
12678.83
12691.58
12687.08
12689.83
12693.92
12697.25
12691.83
12685.25
12691.92
12697.33
12685.33
12692.67
12691.08
12687.17
12684.83
12690.67
12696.75
12696
12689.08
12685.25
12687
12694.08
12686.75
12693.5
12687.42
12684.17
12688.75
12684.75
12683.33
12693.42
12690.42
12696.58
12666.17
12704.75
12679.08
12684.58
12691.33
12697.17
12687.33
12691.67
12686.67
12686
12694.5
12687.83
12685.58
12682.5
12685.58
12699.92
12686.75
12677.17
12684.83
12680.5
12703.08
12686.17
12685.5
12691.33
12689.08
12692.5
12690.33
12681.17
12699.42
12690.33
12687.67
12687.17
12690.33
12696.92
12691.33
12693
12671.58
12691.08
12694.08
12685.58
12695.25
12695.5
12675.33
12685.42
12687.83
12696.17
12685.58
12690.67
12691.17
12698.67
12671.58
12690.08
12698
12691.5
12679.83
12702.08
12698.58
12693.25
12688.33
12696.17
12699.83
12701.75
12684.42
12694.92
12680.42
12700.25
12697.75
12701.67
12693.08
12688.17
12703.67
12691.17
12703.42
12699.5
12685.25
12671.75
12679.25
12694.75
12687.83
12685.08
12689
12690.33
12696.42
12687.33
12677.08
12693.08
12675.75
12671.83
12699.33
12690.67
12697.25
12674.5
12695
12690.83
12691.92
12707.83
12692.08
12677.75
12694.25
12682.83
12694.17
12683.5
12686.75
12688.83
12688.17
12690.75
12673.75
12687.08
12690.33
12700.25
12679.92
12676.33
12686.25
12679.08
12696.17
12714.08
12691.5
12677.5
12696.83
12696.33
12698.25
12691.75
12690.42
12703.58
12688.75
12688.58
12689.67
12698.75
12694.92
12679.5
12691.08
12693.58
12700.5
12687
12705.58
