ocp
12579
12592
12596
12590
12603
12566
12592
12576
12609
12602
12583
12563
12595
12573
12571
12589
12596
12562
12421
12594
12583
12561
12558
12608
12597
12559
12585
12573
12571
12564
12603
12574
12595
12585
12552
12587
12578
12567
12566
12600
12570
12569
12581
12553
12559
12580
12578
12566
12575
12562
12589
12578
12605
12562
12601
12593
12569
12557
12595
12603
12581
12571
12580
12595
12579
12558
12569
12565
12597
12569
12577
12587
12593
12597
12582
12554
12595
12575
12606
12610
12598
12573
12552
12569
12583
12428
12570
12573
12602
12565
12595
12573
12607
12584
12597
12579
12598
12582
12593
12572
12584
12586
12592
12582
12579
12590
12591
12572
12570
12558
12570
12593
12585
12604
12570
12591
12581
12570
12568
12580
12576
12571
12565
12566
12572
12595
12570
12582
12549
12562
12559
12574
12582
12563
12587
12579
12555
12564
12572
12583
12614
12587
12574
12568
12591
12552
12596
12580
12572
12588
12581
12585
12589
12567
12673
12570
12605
12565
12589
12577
12572
12589
12570
12594
12596
12593
12562
12594
12558
12561
12591
12568
12574
12434
12583
12581
12567
12557
12591
12569
12599
12599
12587
12425
12589
12550
12573
12587
12544
12597
12579
12585
12585
12588
12559
12572
12575
12606
12598
12575
12571
12568
12602
12564
12581
12573
12575
12432
12591
12571
12569
12670
12555
12593
12572
12583
12587
12579
12596
12578
12585
12582
12573
12586
12598
12554
12587
12592
12573
12597
12577
12588
12426
12575
12593
12598
12555
12579
12574
12600
12597
12680
12593
12574
12563
12568
12556
12591
12585
12572
12583
12564
12566
12593
12577
12565
12573
12561
12607
12558
12603
12572
12558
12669
12580
12584
12595
12575
12596
12585
12586
12566
12571
12559
12590
12593
12567
12586
12542
12586
12567
12578
12598
12581
12597
12562
12605
12571
12576
12676
12582
12558
12566
12590
12580
12573
12578
12602
12563
12602
12567
12595
12572
12607
12580
12600
12577
12573
12589
12571
12555
12622
12592
12592
12576
12586
12585
12570
12579
12572
12571
12589
12561
12605
12587
12609
12555
12571
12587
12573
12584
12600
12575
12577
12594
12584
12593
12577
12680
12575
12549
12596
12586
12581
12678
12581
12581
12571
12568
12425
12594
12585
12562
12568
12597
12575
12607
12588
12581
12585
12576
12574
12586
12676
12597
12592
12563
12579
12605
12597
12606
12586
12569
12596
12608
12580
12572
12591
12583
12576
12574
12578
12572
12576
12593
12607
12612
12580
12594
12563
12590
12604
12590
12577
12580
12577
12600
12566
12583
12572
12561
12592
12602
12580
12571
12562
12570
12586
12592
12585
12590
12551
12561
12600
12587
12581
12560
12556
12561
12591
12564
12590
12572
12555
12590
12601
12574
12591
12586
12589
12595
12580
12573
12595
12561
12602
12597
12597
12563
12598
12546
12597
12586
12561
12578
12573
12596
12567
12600
12585
12590
12590
12613
12591
12582
12563
12573
12602
12586
12576
12562
12564
12555
12565
12601
12570
12611
12569
12571
12576
12586
12583
12579
12589
12582
12561
12596
12582
12579
12578
12579
12562
12558
12583
12588
12581
12587
12572
12605
12577
12553
12565
12682
12599
12567
12560
12603
12560
12575
12575
12567
12585
12561
12558
12577
12565
12575
12589
12600
12603
12580
12560
12583
12597
12594
12577
12587
12570
12559
12572
12582
12568
12572
12568
12580
12569
12576
12596
12554
12598
12569
12575
12571
12593
12585
12611
12613
12587
12591
12579
12599
12554
12577
12573
12593
12564
12557
12590
12592
12428
12583
12595
12586
12592
12587
12589
12559
12580
12432
12590
12583
12555
12571
12569
12567
12580
12598
12613
12594
12588
12584
12567
12580
12576
12571
12572
12585
12424
12551
12583
12594
12566
12570
12557
12677
12585
12605
12595
12578
12590
12577
12575
12587
12546
12572
12592
12597
12581
12567
12592
12569
12586
12554
12593
12570
12578
12584
12582
12563
12588
12580
12587
12615
12607
12588
12563
12610
12593
12610
12561
12582
12585
12596
12573
12608
12561
12584
12552
12590
12591
12595
12569
12567
12556
12573
12589
12577
12579
12567
12558
12600
12593
12583
12577
12587
12583
12567
12578
12562
12579
12595
12571
12549
12550
12597
12581
12596
12575
12596
12579
12586
12561
12594
12573
12608
12567
12598
12582
12587
12559
12588
12590
12586
12569
12557
12568
12573
12573
12569
12579
12582
12610
12564
12566
12580
12569
12570
12561
12585
12590
12561
12569
12599
12552
12431
12571
12575
12576
12574
12585
12590
12570
12572
12588
12591
12585
12553
12584
12579
12558
12563
12597
12610
12567
12595
12582
12594
12585
12598
12593
12580
12549
12579
12573
12580
12618
12583
12583
12576
12558
12566
12602
12571
12585
12592
12584
12565
12572
12432
12577
12608
12559
12592
12577
12578
12589
12578
12556
12581
12565
12555
12567
12562
12581
12579
12565
12595
12567
12609
12585
12587
12554
12553
12562
12564
12595
12575
12594
12584
12569
12559
12586
12570
12581
12591
12564
12423
12558
12604
12560
12571
12586
12597
12580
12588
12569
12602
12596
12564
12558
12595
12578
12674
12590
12553
12603
12550
12561
12584
12593
12602
12610
12574
12587
12565
12571
12583
12584
12568
12587
12565
12561
12556
12582
12600
12592
12595
12587
12570
12589
12578
12553
12591
12617
12596
12570
12556
12593
12587
12568
12588
12557
12588
12573
12586
12590
12569
12571
12573
12582
12585
12587
12599
12565
12677
12583
12593
12587
12618
12582
12548
12581
12591
12583
12578
12565
12579
12581
12671
12578
12568
12565
12595
12578
12588
12556
12548
12587
12567
12562
12674
12568
12584
12604
12549
12590
12599
12611
12598
12569
12556
12572
12577
12586
12585
12584
12575
12574
12558
12594
12586
12552
12600
12599
12583
12554
12569
12554
12580
12603
12583
12567
12556
12564
12575
12578
12594
12591
12563
12567
12575
12576
12569
12566
12572
12572
12590
12572
12583
12588
12563
12563
12582
12580
12565
12558
12568
12601
12570
12570
12567
12544
12576
12583
12573
12557
12581
12591
12582
12586
12570
12590
12597
12562
12589
12590
12593
12556
12616
12572
12577
12604
12562
12565
12591
12590
12607
12573
12595
12570
12594
12594
12592
12570
12550
12570
12563
12582
12567
12573
12570
12575
12563
12576
12580
12597
12574
12585
12552
12566
12572
12578
12576
12560
12552
12577
12584
12554
12566
12579
12554
12584
12588
12578
12584
12593
12425
12567
12583
12599
