ocp
12532
12534
12539
12541
12535
12527
12551
12533
12534
12540
12538
12543
12533
12540
12537
12541
12544
12536
12538
12532
12538
12528
12527
12539
12533
12552
12550
12541
12532
12541
12538
12538
12540
12553
12538
12536
12536
12540
12537
12537
12536
12541
12527
12539
12551
12539
12539
12536
12532
12533
12537
12544
12549
12540
12544
12549
12534
12549
12539
12541
12536
12537
12539
12543
12529
12538
12547
12537
12538
12548
12536
12537
12543
12533
12540
12550
12528
12536
12542
12534
12536
12550
12528
12532
12545
12536
12552
12529
12541
12532
12537
12538
12532
12537
12533
12533
12527
12540
12539
12551
12542
12539
12550
12538
12539
12532
12535
12540
12553
12538
12533
12537
12548
12537
12548
12547
12539
12536
12533
12528
12538
12551
12544
12541
12541
12539
12537
12550
12535
12544
12532
12540
12551
12533
12538
12537
12527
12533
12541
12547
12538
12538
12540
12550
12536
12547
12553
12539
12539
12532
12540
12538
12541
12540
12543
12527
12549
12536
12543
12538
12536
12539
12538
12551
12548
12548
12539
12536
12532
12535
12544
12546
12546
12528
12532
12540
12540
12533
12549
12537
12539
12541
12551
12549
12533
12541
12541
12537
12547
12540
12536
12538
12533
12537
12541
12544
12541
12552
12537
12538
12551
12536
12549
12539
12552
12541
12538
12533
12546
12538
12539
12541
12540
12538
12540
12540
12534
12544
12539
12533
12536
12536
12541
12539
12549
12536
12532
12537
12550
12541
12538
12550
12548
12548
12549
12541
12533
12552
12537
12540
12539
12537
12535
12536
12537
12534
12550
12536
12539
12543
12538
12540
12548
12532
12538
12552
12538
12537
12553
12542
12534
12547
12532
12537
12552
12550
12539
12537
12547
12538
12544
12540
12540
12549
12537
12544
12536
12538
12548
12546
12550
12534
12551
12538
12537
12547
12538
12554
12533
12543
12538
12540
12540
12536
12538
12539
12537
12534
12540
12538
12535
12538
12539
12541
12540
12540
12539
12553
12539
12546
12554
12538
12539
12549
12542
12535
12533
12534
12540
12544
12540
12539
12549
12536
12527
12544
12538
12535
12539
12532
12539
12533
12532
12539
12539
12540
12540
12534
12540
12529
12552
12540
12541
12543
12539
12539
12541
12527
12527
12539
12536
12546
12536
12541
12538
12539
12539
12527
12542
12553
12538
12533
12536
12538
12547
12540
12552
12536
12533
12540
12543
12544
12531
12537
12540
12550
12539
12537
12548
12547
12537
12539
12533
12550
12538
12537
12533
12540
12535
12533
12546
12549
12538
12533
12547
12549
12547
12533
12532
12542
12554
12539
12529
12535
12535
12536
12539
12536
12540
12541
12536
12532
12538
12534
12539
12527
12537
12537
12539
12533
12532
12550
12534
12553
12534
12549
12544
12538
12533
12551
12537
12540
12548
12538
12549
12535
12537
12533
12539
12533
12541
12543
12527
12538
12535
12536
12549
12544
12554
12552
12544
12533
12537
12536
12536
12534
12537
12538
12538
12532
12536
12544
12533
12539
12536
12538
12533
12541
12540
12543
12534
12535
12533
12532
12537
12537
12539
12537
12527
12541
12539
12544
12528
12533
12529
12537
12542
12537
12526
12539
12539
12540
12544
12538
12538
12549
12541
12542
12541
12551
12540
12536
12537
12538
12550
12528
12549
12535
12536
12541
12536
12536
12548
12540
12532
12548
12537
12537
12541
12540
12531
12543
12538
12538
12538
12540
12537
12540
12536
12537
12534
12540
12543
12533
12537
12550
12551
12539
12538
12549
12531
12550
12541
12539
12544
12534
12534
12538
12537
12532
12529
12539
12532
12541
12533
12550
12533
12545
12545
12534
12549
12542
12539
12539
12544
12536
12551
12540
12540
12544
12537
12527
12537
12534
12539
12543
12529
12528
12537
12548
12539
12541
12528
12538
12528
12528
12539
12534
12538
12540
12537
12544
12541
12539
12532
12545
12537
12538
12549
12540
12541
12548
12536
12541
12550
12539
12533
12540
12533
12536
12538
12540
12539
12544
12549
12541
12538
12539
12545
12546
12539
12539
12549
12554
12540
12532
12539
12547
12551
12541
12540
12547
12540
12534
12549
12537
12541
12536
12541
12551
12541
12550
12544
12547
12544
12539
12536
12552
12536
12541
12549
12543
12538
12543
12532
12544
12549
12541
12537
12551
12545
12533
12538
12532
12528
12549
12540
12553
12542
12540
12533
12532
12539
12535
12540
12540
12552
12534
12537
12540
12537
12540
12536
12538
12538
12537
12546
12548
12541
12543
12534
12537
12552
12538
12541
12539
12539
12536
12539
12550
12549
12528
12539
12550
12538
12537
12543
12550
12550
12540
12538
12537
12546
12543
12538
12548
12551
12538
12547
12540
12543
12544
12532
12552
12539
12541
12538
12546
12540
12551
12537
12549
12537
12539
12529
12538
12549
12539
12538
12548
12539
12550
12539
12533
12546
12538
12537
12538
12533
12548
12540
12541
12549
12536
12541
12551
12533
12537
12528
12539
12532
12540
12553
12541
12547
12533
12547
12543
12537
12543
12534
12549
12549
12540
12537
12534
12533
12549
12538
12548
12549
12533
12541
12528
12541
12536
12535
12537
12546
12534
12541
12538
12538
12539
12539
12541
12542
12540
12533
12538
12538
12533
12542
12539
12539
12549
12547
12549
12541
12541
12551
12538
12540
12536
12550
12534
12541
12539
12532
12536
12542
12540
12532
12536
12533
12538
12538
12526
12539
12540
12539
12541
12536
12532
12536
12534
12533
12540
12540
12538
12539
12533
12537
12548
12539
12527
12540
12549
12549
12543
12542
12529
12538
12535
12540
12539
12541
12549
12533
12528
12541
12536
12532
12533
12527
12540
12537
12537
12538
12536
12541
12536
12547
12549
12537
12538
12542
12526
12538
12528
12536
12539
12539
12538
12535
12550
12532
12540
12533
12540
12544
12532
12541
12537
12539
12547
12544
12538
12549
12534
12550
12532
12535
12539
12533
12551
12541
12541
12539
12543
12545
12529
12550
12534
12533
12541
12548
12548
12541
12554
12536
12541
12536
12537
12538
12540
12543
12553
12547
12532
12539
12546
12539
12533
12551
12527
12535
12539
12538
12549
12541
12538
12543
12550
12539
12540
12532
12546
12536
12526
12535
12551
12540
12540
12540
12538
12553
12540
12537
12549
12539
12535
12533
12527
12537
12538
12548
12549
12538
12537
12532
12551
12544
12538
12540
12542
12536
12538
12550
12534
12552
12538
12539
12544
12537
12533
12548
12541
12532
12537
12537
12541
12540
12550
12550
12536
12544
12544
12540
12535
