ocp
12123
12144
11709
12117
12067
12029
12150
12143
12029
11734
12151
12118
12026
12115
12085
12114
12114
12066
12154
12031
12138
11982
12154
11896
12038
12011
11853
12149
12065
11959
12054
12027
11934
12152
11863
11642
12044
12027
12153
12016
12065
11853
12152
12134
11936
12023
12034
12125
12130
11868
12123
12085
12086
12141
12153
11880
11977
12154
12022
11981
12124
11847
12139
12050
11885
12064
12121
11980
11978
11727
11874
12017
12139
12145
12001
12038
11630
11648
12153
11948
12075
12115
11819
12038
12011
12109
12077
11843
12070
12133
11945
12124
12081
12138
12123
12032
11939
12100
12085
12131
11899
12156
12063
12071
12146
11953
11604
12041
11807
12005
12132
12133
12126
12028
12148
12015
12117
11853
11634
12051
12089
12140
11929
12050
12123
11984
11996
12035
12138
12139
12064
12153
12059
12138
12145
12131
11764
12011
12120
12030
12054
12074
12141
12133
11994
11766
12139
12068
11955
12124
11969
11764
12153
11952
12153
12043
12153
11856
12013
11998
12131
12028
12026
12125
11905
11804
12066
12103
12141
12013
12155
11870
12144
11642
12117
12154
12153
12034
12145
12078
12015
12153
11901
12118
12092
12063
12134
12119
12140
12138
12030
11919
12146
12106
12085
12009
12151
12046
11942
12083
12038
12146
12013
12046
12077
11685
12010
11994
12101
12050
11860
12138
12019
12143
11879
12138
12108
11960
12071
12142
11916
11724
12148
12149
11904
12065
11945
12154
12154
12083
11964
12076
11965
12081
12144
11912
12051
11989
12115
12101
12041
12151
12153
12138
12067
12051
11980
11900
12113
11904
12103
12105
12124
12051
11755
12042
12154
12065
12093
12054
11806
11963
12080
11869
11852
12073
12027
12117
12103
11994
12114
11948
12060
12155
12108
12051
11906
12142
12070
12094
11618
12078
12007
12113
11993
11627
11751
12151
12153
12144
12141
12059
12154
12149
12117
11648
12131
12117
12124
11766
12151
11618
11840
12137
12154
11780
12139
12072
12066
12111
11954
12109
11961
12149
12154
11979
11960
12110
12131
11958
11676
12132
12079
11916
12145
11747
12138
12074
12138
11947
11978
12007
12001
12141
11865
12153
11916
12020
12154
12014
11852
12043
12026
12089
12051
12104
12030
12153
11965
12153
11966
12124
12054
12050
12120
12056
12029
11811
11958
12142
11777
12158
12117
12107
11870
11939
11819
11963
12002
11978
12140
12028
12130
11835
11940
12157
12033
11632
12118
12152
12059
12075
12054
11876
11882
11856
11888
12133
12027
12138
12127
12004
12090
12002
12013
12046
11955
11720
12137
12061
11774
11996
11997
12121
12148
12114
12132
11968
12066
12150
11979
12107
12060
11902
12013
12139
12153
12149
12154
11795
12076
11960
12103
12133
12035
12152
12131
12155
12051
11938
12154
11982
11697
12101
11856
11760
12156
12148
12114
12133
12037
12158
12124
12113
12139
12085
11959
11724
12080
11604
12142
12124
12004
11710
11664
11905
12147
11886
12011
12117
12059
12146
11872
12067
11795
11972
12118
11646
12052
11808
12091
12117
12067
12153
12151
12021
12071
12051
12074
12149
12035
11913
11985
11850
11936
12153
12097
11881
11997
12096
12139
11672
12153
12123
11851
12085
12090
12153
12108
11706
12153
12133
12080
11921
11989
11955
11996
12140
12099
12141
12113
12123
11922
12006
12002
12059
12069
11906
12092
12070
12125
12127
11967
12143
12056
11604
12149
12090
12104
11951
12105
12111
12138
12027
11949
11634
12149
12051
12139
12050
11961
12137
11990
12123
12155
12066
12060
11807
12115
12057
12062
12136
12014
11955
12121
12065
12117
12107
12139
12135
11835
12150
12124
11744
11818
12079
12117
12002
12113
11952
12024
12153
12139
12149
11802
12047
12153
11989
12124
11957
12150
12021
12013
11967
12130
12121
12071
12059
12002
12131
11810
12146
12008
12044
12146
12058
12064
11954
12087
12131
12146
12153
12065
11899
12079
12081
12131
11869
12085
12106
12069
12114
11970
11760
11993
12137
12154
12062
12140
12095
11877
11849
12084
12035
12076
11831
12080
11810
12141
12149
11843
12146
12048
12050
12155
12046
12013
12138
12133
11604
12143
12110
11828
11976
11897
12050
12067
12151
12062
12065
12127
11850
12144
12016
11960
12139
12151
12125
12144
11980
12147
12065
12124
12142
11949
12072
11633
12046
12150
12042
12085
12112
11970
12027
11869
11979
12151
12126
12157
11764
11943
12145
12112
12125
12152
11901
11917
12101
11966
12103
12055
12149
12138
11930
12072
12138
12142
12131
11854
11819
12038
12070
12132
12155
12151
12087
12115
12055
12151
12153
12084
12088
11932
12090
11977
12110
12095
11910
12140
12138
11949
12137
11604
11711
11985
11979
12045
11604
12101
12133
12126
12026
12003
12146
11862
12134
11891
12141
12153
12117
11972
11821
12153
11958
11996
12118
12081
12050
12137
12090
12107
11815
12106
11852
12090
12035
12074
12044
12150
11980
12139
11970
12153
12039
12061
12150
12045
12134
11999
12032
11701
11933
12127
12144
12130
11897
12153
11732
12115
11940
11918
12118
12157
11745
12009
12118
12045
11838
12122
11950
11957
12125
12093
12068
11926
11980
12055
12115
11604
12131
11866
12087
11981
12124
12144
11928
12059
12001
12050
12131
11958
12013
11913
12050
12020
12149
12042
12153
12075
11647
12146
12117
12138
12051
12152
11985
12121
11980
11946
12131
11714
12148
11775
12066
12154
12014
12149
11957
12108
12110
12015
11879
12118
11934
12055
12003
12063
12043
12085
12075
12085
12151
12073
11681
12054
12131
12151
11987
12147
12002
12139
12081
12007
12154
12154
12055
12141
12103
12138
12094
12059
11994
12003
12153
12011
12057
12089
12111
12047
12037
11959
12090
12010
12150
11905
12090
12150
12116
12146
12030
12155
12112
12138
11976
12154
11732
11843
12069
12151
11969
12078
12150
12124
11967
12127
12001
12139
12039
12153
12153
11917
12155
12051
12011
12000
12101
12011
12112
11837
12069
12004
11977
12126
11955
11712
12131
11784
12099
12117
12145
12124
12149
12020
12043
11625
11979
12025
11604
12128
11926
11881
11641
12090
12120
12065
12108
12108
11992
12088
12006
12090
12111
12118
12059
12121
12085
12134
12103
12140
12146
12113
12122
12037
12153
11994
11854
12055
12038
12117
12121
11710
12050
12121
12083
11773
12003
12023
12151
12074
11755
12078
12094
12061
12057
12037
12112
12037
12154
12115
12155
12049
11886
12078
12023
12050
12139
12132
11959
11939
12151
