ocp
12068
11985
12046
11876
12117
12116
12117
11940
12034
11984
11816
11844
12129
12104
11957
12117
12043
11823
12054
12068
12123
12121
12089
12041
12129
12117
11895
11954
11799
12112
11650
11965
12106
12098
12128
11954
12008
12086
12067
12114
12016
12078
12082
11722
12071
12037
12130
12082
12123
12110
11956
12081
11997
12128
12115
12062
12083
12124
12105
12093
11973
12042
12098
12009
12079
11998
12002
12010
11992
12129
12033
12086
12060
12116
11939
12104
12045
11980
12080
12081
12001
11974
12116
12026
11878
11813
11918
11943
12004
12094
12035
11760
12032
11786
11673
12025
12047
12029
12011
12115
11937
12081
12098
11943
12116
11990
12094
12077
12106
12018
12067
12078
12024
11905
12083
12086
11636
12103
11670
12027
12099
12126
12078
12095
12114
11973
12079
12026
12091
12089
11953
12127
12038
12067
11774
11654
12090
12101
12103
12106
11723
12117
12017
11956
12086
11808
11713
12073
12014
11903
12054
12128
11994
12098
12029
12037
11986
11593
12128
12092
12041
12117
12079
12055
12118
11915
12129
11896
12120
12126
11946
12003
12129
12093
12129
12004
12016
11878
11651
11599
12101
12080
12054
11989
11977
12082
11938
11828
11861
12110
12130
12068
12012
11933
11635
12101
12111
12120
11791
12126
12125
11990
12065
11649
11784
12060
11784
12084
12079
12091
12074
11869
12049
12015
12067
12117
12055
12114
12078
12079
12128
12120
12116
12098
12117
12117
12107
12126
12120
11956
12117
11702
12014
12116
11795
11785
12129
12047
12125
12125
12025
12037
12129
12116
11960
11824
12003
12003
12117
11901
12101
12081
11593
12010
11856
12081
12000
11970
12084
12067
12111
12070
12053
11972
12079
11860
11739
11973
12002
12038
11982
12104
11607
12113
11779
12130
12065
11964
11888
11964
12027
12101
11935
12009
12130
12111
12118
12097
12062
11713
11805
11883
12069
12119
11975
12053
11900
12106
12066
12013
12112
12053
12112
12120
11901
11821
12038
12126
12127
12118
12128
12089
12055
12121
12126
11972
12088
12117
11982
11940
12057
12125
11890
12114
12078
11969
12009
12130
12114
11875
12130
12123
12103
12121
11967
11918
12126
12073
12126
12118
12088
11775
12097
12035
12114
12082
12004
12128
12087
12042
12117
11970
11988
11673
12115
12091
12092
12107
11928
12129
12045
12125
11908
11769
12061
12004
12130
11868
12116
12016
12046
11674
11616
11896
12127
12098
12100
12097
12072
12101
11881
12059
11976
12106
12050
11866
12086
12110
12129
12129
12086
12128
12071
12062
11858
12096
11712
11955
12091
12114
11790
12034
12047
11804
12081
12062
12123
11987
12070
11975
11994
12067
12060
12081
12082
12116
12119
12117
12117
11863
11837
12081
11927
12117
12035
11857
12081
11707
12096
11928
12093
12125
12129
11892
12082
12126
11955
12101
12057
12085
12049
12129
12049
11673
11648
11973
12069
12034
12038
12126
12127
12005
12106
12080
12037
12122
12074
11688
12083
12047
12101
12035
12081
11912
11933
12046
12120
12126
12095
12127
12125
12064
12081
12110
12066
12117
12087
12066
11975
12041
12103
12004
12078
12099
11897
12077
12026
12079
12029
12040
12100
12088
12074
12087
12109
12076
12060
12101
12107
12095
12047
12126
11894
12128
11977
11698
12062
12116
12091
12095
11953
12104
11830
12067
12055
12079
12102
11909
12070
12002
11937
12106
12001
12012
12092
12125
12121
12071
12078
12129
12059
12117
11810
12124
12113
12077
11959
12116
11703
11849
12019
11776
12106
12021
11954
11832
12064
12101
12125
12060
12069
12109
11978
11616
12091
12126
12071
11803
12005
11983
12107
12116
11819
12024
12096
12034
12090
12082
12103
11920
12125
11969
12117
11966
12051
11900
12115
12091
12130
11977
11973
12079
12127
11968
11724
11713
12124
12079
12084
12099
12044
12101
12118
12094
12111
12085
12099
11997
12101
12101
12073
12111
11995
12086
11745
12079
11995
12099
12056
12058
12125
12117
11922
12040
11929
11998
12005
12016
12080
12084
12096
12065
12075
12122
11948
12122
12095
12125
12121
12048
12033
12078
11718
12104
11881
12062
11937
12055
12085
11974
12062
12126
11954
11810
12129
12035
12117
12100
12024
11943
12048
12108
12098
11929
12069
11937
11930
12085
11888
12096
12074
12123
12055
12121
12054
12071
12081
12119
12085
12077
12117
12071
11960
12038
11841
12116
11847
12103
12129
11927
12046
11759
12104
12095
12071
12023
12061
12056
11953
12122
12034
12085
12106
12079
11778
12121
12073
12120
12029
12087
12021
12120
12078
11789
12017
12003
12027
12082
11883
12112
12116
12117
12047
12127
12028
11948
12104
12052
12073
12129
11982
12049
11778
11916
11887
11938
12000
12009
12098
11714
11997
12028
11969
12123
12078
11920
12130
11816
11969
12072
12101
11998
11739
12022
12104
11939
12112
12120
12093
12116
12120
11935
12094
12105
11846
12069
11948
12078
11654
12055
12117
12091
12113
12103
12117
12036
12129
12104
12117
12126
12128
11815
12106
12082
12116
12106
11931
11988
11730
12128
12129
12066
12116
12108
12104
12064
12103
11735
11985
12054
11963
12129
12125
11966
12099
12071
12081
12065
12099
11986
12037
12021
12047
12014
12068
12080
12068
12128
12076
12129
12008
11825
12070
11673
11595
11950
12066
12084
12056
12122
12105
12119
11924
12014
12096
12039
11962
12054
12025
11922
11998
11881
11925
12044
12117
12081
12064
12011
12083
11973
12086
11918
12101
12104
12061
11947
12086
11743
12081
12064
12027
12097
12082
12117
12099
12028
12093
12121
12117
11728
12039
11633
12118
12079
12045
11834
12045
11853
11818
12048
12063
12020
11871
12089
12047
11773
11969
11949
12078
11928
11963
12093
12102
12050
11757
11880
12099
12099
11998
12038
12111
11881
12105
11894
11988
11968
12050
12114
11955
12065
12028
11927
12099
12103
12094
12028
12086
12087
11772
11891
12117
12129
12125
11775
11869
12041
12086
11894
11836
11919
12077
12120
12129
11988
11941
11986
12128
12127
11902
12045
12067
11996
12074
11680
12000
12077
11955
12067
12016
12087
11790
12054
12066
12098
11965
12068
12128
12120
12126
11924
12128
12073
12023
11893
12064
12125
12067
12111
11958
12120
11884
12019
11678
12126
11999
12130
12064
12000
12128
12047
12120
12009
11828
11769
12072
12068
12017
12109
11872
12129
12000
12106
12061
12097
12129
12097
12049
12001
11972
12094
11973
12101
12128
12120
11727
11851
12083
12126
12081
12078
