ocp
12083
12068
12082
12041
11852
12048
11960
11788
12075
12089
11939
11958
12078
12089
11804
11998
12044
11898
11882
12083
11943
12059
12089
12017
11907
12064
12035
11876
12072
11857
11813
12021
12015
11802
12061
12001
11794
11926
11987
12045
12075
12089
11956
12045
12038
11897
12049
11936
11938
12083
12066
11865
11913
12038
11984
12064
11706
12040
11956
12087
11932
11910
11979
11921
11823
11960
11995
12085
11933
11954
11968
11794
12089
11784
11933
12082
11996
12071
11943
12076
11992
12035
12089
12016
11982
12036
11784
11977
11951
12066
12012
11952
11961
12090
12082
12002
12046
12081
11899
12065
11939
11843
12089
12089
11902
11812
12067
11906
12068
11938
11977
12015
12050
11938
11774
11651
12065
12055
12086
12088
12090
12001
11978
11598
11855
11952
11967
12029
12082
12051
11990
12085
11989
12025
11927
11927
11653
11939
11810
11985
12089
12036
11928
11973
11886
11935
12071
12025
12019
11906
12055
12084
11854
11735
12047
11969
11683
12089
11847
12001
11866
12086
12039
12036
12084
12082
12089
12038
12065
11789
11563
11921
12024
12044
12083
12006
11758
12012
12066
11958
12082
11594
12075
11918
12083
12078
12062
11907
12072
11912
12022
12039
12055
11885
11914
12067
12013
11679
12084
11993
11997
12049
11915
12037
12088
11655
11962
11943
12088
12085
12077
12077
12029
12053
12089
11703
11608
11793
12036
11951
12039
11911
11729
11971
11964
11957
11959
12076
11795
12086
11888
11938
12055
12057
11951
11998
12085
11981
11735
12090
12025
12041
12078
11935
12045
12035
12079
11778
12075
12071
12044
11712
11921
11905
12070
12016
12045
11993
12089
11938
11988
12090
11914
12046
11876
11965
12014
12088
11919
11671
12084
11999
11961
12044
11962
12049
11938
11931
12024
12001
12003
11754
12079
12024
12033
11714
12079
12026
12019
12064
11891
12090
11980
11641
11780
11837
11900
12085
12008
12056
12087
12089
11818
12078
12006
12075
12062
11933
12070
11944
12000
12033
11892
12028
11878
12049
11872
12047
12076
12079
12037
12086
12061
12089
12082
12083
12024
12067
11779
12081
11772
11813
11778
12089
12064
12085
12038
11857
12084
11986
12045
12079
12083
11941
12046
12039
12075
11921
12060
12084
11973
12080
12081
12044
11993
12082
12088
12071
11880
12088
12089
11991
12013
12083
11991
11911
11945
11974
11989
11924
11953
11846
11969
11959
11881
12055
11929
12083
12061
12063
11834
12077
12090
11998
12056
12059
12075
12034
12001
11941
12072
12084
12089
12010
12065
11717
12083
12082
12036
12089
12014
11935
11979
11891
12024
11797
12083
12082
12083
12087
11973
12064
12069
11981
12089
12068
12079
12088
12087
12036
12089
12065
12032
12083
11980
11695
11954
12073
11868
11933
12079
11830
12089
12071
11951
12022
12084
12006
12052
11954
11951
11871
12003
11739
11974
11903
12021
11931
11842
11733
11966
11899
11996
11669
12090
11847
12036
11632
12032
12070
11951
11931
11799
12037
11714
12000
12064
12035
12036
12055
12076
12057
12082
12000
12076
11956
12045
12051
11952
11670
12068
12080
11764
12042
11933
12014
11909
12039
12089
12085
11839
12089
11981
12002
11631
12090
11838
12045
12089
12065
12086
11938
11887
11846
12089
12061
12060
11948
11721
12083
11719
12010
11799
11996
12035
12082
12083
11925
12036
12028
12061
11852
11840
12083
11973
11864
12034
11694
11836
12053
12064
11945
12064
11961
11733
12055
11997
12000
11908
11967
11984
12089
12090
12007
12026
11809
12058
12069
11725
12037
12082
12005
11981
11851
12069
12084
11807
11835
11930
12077
11938
11950
12018
12083
12027
11907
12079
12018
12089
12048
11925
11679
11950
11985
11653
12074
12084
11894
12085
12063
12038
11975
11765
12042
11749
12075
11985
11958
12082
11925
12082
12042
12088
12083
11893
12079
12089
12051
12089
12090
11855
12045
11738
11875
12069
11843
11934
11981
12010
11984
12090
12083
12063
12061
11914
12066
12040
12012
12047
12075
12089
12090
11945
12038
12083
11906
11860
12088
12024
12080
11967
12019
12003
12072
12070
11981
11728
12010
11910
11997
12081
12026
12024
11946
12047
11876
12077
11928
11745
11894
11848
11961
11934
12090
12057
11959
11953
12077
12055
12026
12085
11970
11877
12039
11857
11917
12075
11781
12089
11938
12087
12045
12080
11596
12083
11823
12000
12078
11559
12031
12046
11594
11908
12081
11837
12069
11783
11662
11993
12071
12055
12036
12052
12028
12048
12018
11856
11931
11896
12064
11801
12064
12084
11784
11867
12063
12084
12043
11874
11914
12079
12071
11979
11940
12085
12088
12054
11862
12023
12063
12048
12049
12089
12064
12090
12082
11845
12032
12036
12082
12004
12084
12083
12010
11916
12082
12043
11679
12026
12034
12000
12055
11953
11988
12034
12006
11664
11852
12087
11852
11667
12018
11682
11937
11984
11941
12089
11938
12020
11873
11937
12083
12087
12041
12064
12082
12084
11954
11693
12044
11888
12014
11954
12086
11884
12083
12023
12058
11869
11996
11821
11990
12003
12073
12077
12051
12089
12047
12076
12031
12047
12049
11971
12071
12087
11989
11749
12088
12045
11870
12089
11977
11929
11959
11929
12087
12059
12033
12042
11958
11879
11598
12084
12064
12052
11974
12063
11974
12089
12039
12026
12089
11819
11856
12083
11869
12015
11858
11596
11891
12027
11985
11807
12012
12089
11880
12064
12087
12081
11767
11891
12055
11982
11675
12071
11562
12072
12055
11978
12077
12082
12076
12039
12039
12075
12018
12048
12025
12079
11950
11925
12022
12003
12077
12088
12019
11916
12085
12088
12045
11924
12022
11974
12062
12064
12063
12043
12071
11733
11981
11802
12068
11945
12084
11894
11957
12048
12046
12003
12037
11866
11981
11828
12083
12086
11991
12060
11866
11957
12007
12017
12084
12019
12036
12045
12062
11975
12089
12036
12005
11958
11978
11912
11981
11952
12088
12042
12088
12048
12079
12014
12084
11852
12021
12090
11992
11839
11964
12089
12088
12084
11963
12090
12088
12006
12079
12058
11949
11879
11982
12063
11837
12089
12021
12088
12088
12064
11862
12088
12004
11898
12020
12057
12077
12072
11985
11911
11855
11967
11952
12080
11713
11977
11997
12017
11962
12088
11961
12004
11939
12055
12084
11933
12089
11889
11962
11578
11884
11946
12089
12089
11993
12062
12002
12011
12090
11585
12038
11731
11926
11995
11931
11698
12009
12000
12059
12088
12085
11794
11585
