ocp
12075
11920
12186
12168
12138
12106
12066
12037
11749
12102
12166
12150
11968
12133
12028
12099
12095
11884
11977
12156
11977
12115
12028
11910
12150
12034
11904
11971
12176
12186
12166
12138
12121
12009
12164
12184
12176
12043
12056
12184
12179
12138
12076
12066
12181
12157
12117
12175
12109
11920
12098
11873
12088
12135
12178
12103
11678
11924
12092
12184
12179
12008
12159
11988
12186
11957
12001
12018
12130
12094
12134
12045
12087
12161
12054
12040
12003
12098
12178
12182
12129
12186
11933
12180
12180
12176
12186
12182
12118
12187
11889
12022
12076
12177
12178
12114
12045
12174
12165
12118
12182
12093
12172
12112
12046
12101
12087
12184
12105
12184
12066
12074
12010
12135
12101
12170
11954
11908
12028
11924
12150
12178
12139
12177
12179
12111
12039
12078
12162
12175
12115
12158
12037
12137
11760
12069
12153
11828
12145
12169
12018
12002
11975
12174
12180
12011
12115
11948
12052
12151
11837
12176
11994
12019
12185
12176
12116
11885
12176
11847
12141
12186
12120
12078
12127
12083
12179
11838
12125
12064
12175
12131
12048
12041
12142
12031
12174
12134
12186
12097
12166
12171
12177
12145
12008
12187
12073
12124
11947
11937
12029
12137
11974
12120
12138
12160
12170
12097
11812
12002
12014
12164
12088
12187
12186
12055
12089
12054
12133
12157
11948
12177
12046
12059
12085
12179
12092
11711
12041
11659
12158
12076
12137
11852
11943
11791
12034
12158
12046
12187
11927
12106
12079
11854
12176
12182
12142
12142
12178
12014
12125
12094
12109
12133
11860
11939
12156
12103
12114
12179
12105
11690
11835
12056
11643
12176
12161
12170
12064
12181
12086
12132
12161
12121
12178
12182
12033
12114
12042
12139
12169
12169
12179
12048
12003
12033
12003
12183
12113
12088
11940
12151
12123
12163
12148
12178
12179
12181
12180
12096
12038
12102
12080
12161
12074
12135
12152
12153
12091
12162
12186
12180
12062
12184
12184
12182
12181
12168
12037
12180
11749
12160
12179
11997
12157
12150
12117
11861
12070
12123
11936
12164
12122
12163
11965
12180
12099
12069
12114
12175
12048
12182
11875
12092
11763
12115
12108
12037
12059
12112
12151
12003
12043
12187
12183
12058
12178
12026
11892
12088
12180
12180
12161
11706
12169
12007
12003
12183
12099
12003
11939
12169
11797
12187
12151
12172
12099
11716
12092
12149
12135
12164
12179
12174
11989
12120
12135
12175
12182
12069
12065
12120
12120
12041
12176
12125
12180
12159
12187
12175
11882
12176
12121
12164
12079
11988
12041
12012
12097
12177
12104
12177
11830
12098
12116
11910
12187
11982
11889
12160
12129
11913
12142
12123
12114
12133
12179
12101
11936
12177
12126
12170
12175
12122
12182
12177
12167
12077
11949
12160
12128
12179
12068
12120
12005
12078
12131
11936
12107
11764
11978
11952
12102
12159
11970
11997
12047
12004
12167
11658
11834
11858
12004
12120
12132
11943
11766
12099
12038
11938
12139
12128
12080
11764
12182
12187
12120
12068
11716
12178
11977
11921
12112
11775
11749
11734
11996
12181
12187
12103
11937
12110
12157
12108
12144
12168
12098
11994
12080
12171
11675
12157
12171
12120
12117
11823
12071
12186
12179
12183
12072
12171
12186
12103
12178
12179
12042
12133
12179
12120
12115
12183
11854
11892
12111
11928
12098
12188
11932
12121
12076
12161
11868
12131
11874
12154
11889
12164
12184
12129
12138
12144
12093
12124
12153
12161
12064
12016
12094
12151
12188
12086
12112
12182
12186
12170
12173
11944
12073
12164
12019
12061
12018
11922
12126
12131
12084
12163
12135
12172
12120
12065
12087
11800
12154
12142
12133
12076
11836
12042
12040
11719
12024
12186
12183
12162
12100
12111
12169
12003
12176
12137
12067
12017
12115
12173
12048
12178
11961
12053
12046
12113
12088
12011
11827
11904
12094
12089
11899
12161
12141
12171
12015
12184
12179
11958
11754
12021
11988
12064
12051
12110
11733
12177
12006
12172
12099
12184
11939
11951
12043
12138
12155
12179
12178
12074
12105
11982
12163
12018
12104
12184
12157
11973
11882
12115
12153
12178
12123
12179
11856
12151
12129
12158
12170
12156
11899
12177
12184
12170
12183
11979
12170
12159
12025
12179
11756
12182
12001
11899
12005
12151
12047
12183
12169
11909
12014
11743
12016
12130
11996
12147
12105
11936
12040
12186
11928
12186
11998
12082
11953
12179
12124
12175
11926
11691
12064
11963
11902
12150
11979
12098
12160
12005
12120
12077
12082
11985
11677
12154
12109
12141
12179
12152
12178
11951
11848
12072
12122
12038
12098
12172
11908
12114
11981
12174
12058
12033
12174
11875
12178
12051
12039
12114
11995
12152
12070
12100
12171
11955
12150
12100
12051
12157
12174
12185
12164
11769
12152
12141
12092
12140
12133
12133
12167
12182
12137
11772
12028
12180
12123
11665
12151
11740
12116
11968
12120
11993
12161
12107
12180
11798
12154
12180
11728
11895
12088
11973
12152
12166
11962
12175
12176
12155
12129
12175
12048
12018
12183
12041
12164
12169
11989
12074
12139
12176
12179
12077
12161
12157
12090
11809
11885
12179
11877
12180
12170
12004
12105
12053
12187
11940
12179
12124
12055
11691
12170
11807
12120
11884
11907
11855
12029
12170
12152
12149
12042
11782
12017
11939
12150
11984
12098
12064
12181
12120
12175
12115
12170
12080
12119
12138
11975
11936
12136
12115
11998
11657
12182
12122
11874
11958
12158
12138
11952
12062
11872
11831
12104
11699
12109
12128
12134
12184
12179
11983
12139
12074
12091
12094
11962
12112
12046
12086
12128
12015
12045
12099
11996
12091
12153
12175
11933
12099
12175
12107
12030
12175
12175
12010
12107
11834
11832
11970
11944
12082
12182
12174
12145
12113
12045
12176
12179
11652
12176
12176
11901
11940
12123
12104
12172
12139
12005
12171
11953
12028
11858
12035
12071
11987
12155
12143
11947
12006
11761
12184
12146
12143
12158
11882
12120
12172
12166
12129
12169
12021
12081
12139
12173
12081
12082
12072
12145
12161
12184
12127
12138
12101
12164
12115
11951
12134
12104
12177
12153
12150
12187
11761
12068
12179
12102
12165
12105
12181
12120
12103
11762
12141
12129
12158
12120
12169
11871
12163
12164
12175
12148
12120
12061
12045
11937
12125
11939
12115
12158
11986
12181
12065
11992
11708
12153
12138
12176
12176
12177
11868
12095
12021
11953
12008
12183
12175
12039
11824
11836
12094
12121
12023
12168
12129
