ocp
11868
12084
12072
12079
11818
12082
11809
11691
11900
12053
12013
12085
11964
12079
12033
12079
12086
11817
12060
12079
12052
11745
11972
11916
11947
11987
11958
12040
12069
12020
11825
12077
11968
11938
12034
12081
12027
12081
11914
11944
12014
12048
11996
12025
12068
11904
11645
12072
11976
12045
11986
11657
12017
11631
11932
11922
12079
11985
12081
11917
12010
12051
11573
12080
12084
12035
12042
12086
12084
12031
11879
11644
12085
12064
11905
11979
11911
12084
11967
12069
12043
11951
11975
12062
11907
11995
11951
12033
12064
12083
12039
12065
11877
11817
11862
11987
12039
12053
12047
11879
11715
11948
12084
12064
11551
11685
12079
11904
11937
12053
11918
11973
11954
11857
12010
11885
12049
11916
12084
11885
11917
12038
11895
11921
11909
11867
11770
12070
12083
12019
12043
11987
11987
12086
12087
11935
12044
11702
12007
12085
11773
12083
11884
12084
11923
12062
12047
11980
11753
11814
12084
12048
12033
12066
12085
11824
11716
11694
12069
12086
12009
11921
12034
12053
11691
11927
12079
11630
12084
12083
12020
12055
12052
11820
12087
11842
11999
11841
11939
11840
12004
11794
12056
11956
11875
12077
11808
11601
12052
11777
11903
12044
11884
12076
11622
12051
12022
12077
12045
11985
12046
11727
12014
11949
11973
12084
11978
11983
11792
12077
11928
11850
12054
11886
12045
12042
11731
12052
11915
12086
11883
12083
11962
12068
11814
12087
11927
11810
11835
11996
11964
11959
11983
12086
11992
11932
11943
12037
12053
11903
11819
11974
12048
11702
11981
12006
11994
12049
11908
11749
11657
12010
12010
12042
11987
11987
12025
12083
11890
11955
12085
12002
11958
12074
11794
12086
11874
11948
12054
11559
12085
12035
11882
11776
11909
12058
12008
11984
12065
11774
12064
11715
11946
12069
11537
12029
12044
12002
11970
11830
11621
11701
11978
12062
11677
11823
12080
12009
11987
12084
11979
11949
12049
12003
12070
11943
12085
11986
11905
11986
12084
12070
12034
11989
12045
11808
12078
12061
12087
12070
12045
11732
11918
11960
11863
11673
12065
12078
12084
12079
12060
12084
12041
11768
12030
12009
12014
12043
12064
11734
11978
11722
11988
12062
11726
11857
11875
12049
11932
12069
11884
12049
12038
11879
12047
11860
12051
11957
11893
11930
11984
12054
11834
12078
12061
12051
12031
12073
12028
11966
11875
11970
11830
12046
11875
11945
12015
11855
12075
12003
12031
12061
12043
11950
11849
11977
12085
12086
11973
11978
11850
12080
12084
12060
11932
11953
11869
11976
12072
11987
11849
12084
12005
12031
11926
12081
11840
11690
11977
11816
12064
12084
11809
11837
12079
11850
11991
12020
11962
11858
12079
11995
11674
11739
12014
11969
12019
11788
11991
11976
11913
12035
12084
12084
11957
11813
12018
12066
11940
12079
11537
11727
12088
12070
12066
11847
11782
11994
11993
11980
12054
11993
11870
11945
11783
12085
11844
12004
11965
12012
11985
12076
12078
11823
12058
11994
11948
12056
12050
12086
12055
11735
12078
11931
12085
12063
12069
11685
12060
11843
12085
12050
12069
12010
12044
11792
12050
12046
11937
12023
11951
11887
12048
12062
11978
12053
11888
12037
11737
12084
12048
11887
12069
12069
11824
11819
12001
12086
11987
12077
11993
11978
11913
12084
12047
12060
11989
12073
12088
11952
11994
12084
11751
11992
11958
12086
12039
11958
11915
11877
11941
11902
12085
11604
11785
11961
11692
11641
12023
11887
11785
12015
11979
11914
12046
12072
12079
11716
12023
11900
12046
12087
11978
11944
11949
11993
12068
12044
12022
12050
12073
12084
11979
12018
11734
11906
11901
12006
12085
12068
11862
12082
12055
11761
12088
12046
12037
12084
12086
11840
11856
12073
11946
11888
12067
12055
12088
12046
12079
12084
11963
11928
12023
12046
12070
12041
12011
11787
12036
12083
12069
11899
11714
11919
12054
12018
11973
11987
12038
11819
11824
12088
12068
11915
11888
11948
12082
12061
11965
11957
12064
12052
11901
11680
12000
12040
11953
11914
12069
12082
11789
11921
11871
12069
12017
11935
11910
12040
11807
11839
12069
12084
12066
11947
12031
11988
11941
11863
11881
12041
11890
11953
12067
12053
11775
11978
12085
12085
11965
11990
11785
12069
11845
11948
11915
12021
12085
12084
12014
11870
11940
11978
11998
12059
12036
11686
11763
12079
11862
12085
12039
12005
11778
11984
12082
12061
11919
12022
11793
11992
11978
12061
11580
12040
12085
11788
12021
12085
12088
11606
12080
11892
12051
11930
11926
12058
11934
12077
11716
12081
11658
12046
12085
11928
12071
12023
11974
12030
12009
11955
12058
12084
11964
11850
12078
12069
12041
12067
11826
11561
12085
12069
11797
11979
12010
12022
11950
12036
12052
12073
12040
12033
12019
12051
12068
12023
11830
12036
12040
11982
12005
11883
12020
11947
12035
12007
11864
12085
12046
11684
11960
12037
11997
12087
12042
11923
11964
11948
11889
12075
12070
11893
12084
12016
12059
11972
11948
11671
11916
12079
11801
11705
12008
11713
12088
12012
12074
12041
11906
11936
11948
12069
12009
11722
12075
11796
12040
12059
11788
11987
12087
11962
12040
12042
12014
12079
12067
12078
12073
12047
12069
12078
12000
12088
11786
12070
11712
12087
11923
11970
12040
12070
12019
12035
11955
11917
12085
11941
11809
12086
11875
12069
11925
11819
12018
12079
12088
11951
11934
11852
12033
12050
11892
12086
11898
11994
11691
11839
12002
11963
12085
12026
12039
11883
12084
11975
12033
11906
11960
11967
12013
12053
11965
11788
11833
12044
11949
11914
11861
12018
11780
11584
11796
11955
11844
11976
11934
11939
12082
12085
12063
11998
11903
11979
11869
11932
12085
11633
11968
11870
12067
11684
11896
12041
11938
12001
11980
12063
11968
11839
12004
11712
12061
12011
12087
12084
12072
12018
12043
12039
12003
11873
11884
12085
12036
11704
11995
11978
12085
12037
11819
11682
12084
11967
12027
11721
11966
11967
11954
12070
11817
12078
12072
11735
11965
11715
12085
11843
12079
11939
11979
12075
12047
12014
11861
12080
11991
12069
11770
11916
11975
11911
11691
11978
12084
12053
12073
12072
12056
11869
12086
12057
11941
12073
12059
11850
12009
12049
11794
12011
12074
12083
12072
12086
12069
11799
12078
11773
11994
11907
11906
12064
12084
12083
12031
12018
11983
11818
12020
12085
12083
12064
11625
11891
11934
11951
11947
12063
12006
11759
