ocp
12049
12058
11945
11986
12083
12071
11951
11983
12069
12024
12008
12071
11807
11944
12080
11958
11883
12061
11892
11932
12088
11617
12012
12065
11940
11847
12027
11759
12055
11722
12091
12073
11873
12032
12076
11855
12045
12071
11988
11915
12088
11826
11993
11795
12068
12022
11977
11892
11977
11813
12008
12056
12072
11832
11887
12040
11923
12083
12077
12017
11935
11971
12052
12034
11938
12046
12080
12079
11575
12033
11996
11910
12084
11964
12025
12014
12076
12052
12090
12059
11921
12077
12022
12060
11792
11951
12009
12020
12052
12071
12064
12063
11980
11911
11895
12088
11887
12056
11968
12060
11951
11990
12019
12078
11874
12019
11926
11969
11883
12046
11982
11932
11939
11918
11835
12085
11993
11865
12086
12065
11971
12062
11991
11761
11882
11722
11733
12081
11935
12035
12009
12068
12037
11756
12000
11917
12000
12025
12000
11987
11903
12012
11963
12078
12053
11980
12045
12085
11943
12051
12002
11601
12017
12006
11883
12001
12090
12013
11953
12090
12048
12072
11894
11823
11754
12085
11937
12083
12072
11926
12028
12074
12070
11825
12039
11988
12089
11826
12084
12081
11550
12051
11990
11980
11985
11999
12004
12049
11615
12090
12089
12084
11739
11870
12067
12085
12083
12078
12091
11930
12013
12064
11771
11936
11919
12086
11849
11988
12077
11868
12089
11994
12064
12026
12085
11790
12051
11730
11935
11668
11674
12085
12050
11986
11935
12088
12074
11964
11987
11935
12088
12039
11824
12091
12049
12072
12064
11975
12072
12033
12085
12069
11763
12084
12072
12085
12071
12040
12058
11862
12070
12030
12000
11929
11839
12078
11971
12057
12034
12090
11977
12074
12077
12056
12057
12022
12088
12012
11832
11957
11700
11998
11685
12078
12070
11808
11699
12062
12080
12071
11773
12019
11899
12085
11979
12085
12007
11761
12008
12028
11806
12083
11704
11983
11973
12069
12072
12060
12085
11828
12031
12041
11968
12065
11939
12071
12085
11842
12072
12050
12070
12091
12088
12005
12053
12077
12008
12063
12066
12051
12043
12040
11951
12062
11943
12040
12040
11934
11742
12070
11937
11754
11960
12063
11899
12059
11923
11852
11982
11647
12081
12085
12060
12029
11913
12085
11662
12084
11600
12019
12019
12064
12025
11945
12078
12001
12073
11944
11979
12063
12012
12012
12004
11866
11725
12062
12090
12084
12085
12079
11679
11772
11913
12031
11940
11921
12088
12084
11558
11919
11874
12052
12063
12013
12079
12052
11651
11856
12085
12053
11990
11553
12060
12045
12022
11944
12075
12087
12053
12090
12062
12011
11974
12072
11983
11669
11704
11893
11852
11915
11965
11948
12022
11841
12035
11976
12078
12029
12078
11995
12084
11589
12068
11997
12022
11716
11688
12041
11867
12077
11922
12087
12069
11996
11963
12025
11668
12004
12030
11919
12088
12054
11973
11549
11951
12084
12090
11989
11937
11990
11989
12083
12085
11856
12084
11644
12033
12088
11665
12076
11973
11859
12088
12008
11717
12026
12025
11945
11972
11859
11983
11968
12019
12084
11752
11927
12091
11947
12069
12019
11998
11990
11982
12014
12089
11768
12084
11948
12091
11954
11950
11948
11710
11880
11989
11841
12068
11625
11815
12064
11982
11863
11968
12070
11736
12083
12022
11947
11756
12032
12070
12033
12072
11868
12062
12084
11949
12074
12046
11964
11697
11991
11986
12081
12091
11899
11855
11884
11763
12090
11802
12084
11700
11884
11901
12084
12071
11997
12084
12072
11548
12080
11959
12039
12035
12062
11974
12011
11974
12051
12002
12058
12026
11922
11854
11906
12045
11904
12021
11957
12046
11978
11706
12042
11884
12005
11870
12069
12091
11973
12091
12067
11884
12051
11704
12044
11895
12085
11853
12036
11949
12003
12026
12052
11884
11898
12056
11865
11855
11710
12067
12084
11812
11715
12034
11873
11968
11999
12083
11628
11845
11977
12007
11951
12084
12060
11997
12026
12090
12046
12070
12034
12074
12077
11826
12073
12070
12034
11839
11970
12041
12040
12050
12090
12076
11822
12074
12035
11652
12024
11602
11548
11890
11990
12006
11841
12077
12042
11811
11589
12072
11806
11901
12073
11953
11966
11885
11983
12078
12019
11968
12023
11937
12027
12065
12057
11761
12048
12034
11864
11973
12082
12069
11776
12058
11973
12090
12078
11883
12045
12059
12052
11997
12083
11665
12088
11961
12087
11910
12091
12065
11955
12089
12039
12085
12032
12089
12063
11979
11938
12021
11738
11913
12046
11940
11967
11830
11868
11650
12029
12055
12090
12053
11798
12060
11797
12028
12041
12052
11802
12001
12041
11790
12081
12049
12027
11643
12072
11745
11980
12070
11966
12088
11908
12015
11956
12033
12090
11951
11967
11923
12064
11834
12043
11993
11977
12086
12075
12060
11734
11882
11933
11986
11600
11994
12069
11995
11893
11918
12090
11933
12061
12025
12045
12074
11863
12086
12072
12087
11554
12020
12040
11703
12052
12070
12078
11923
11855
11835
12038
12067
11995
11972
12090
11965
11983
12020
12025
11918
11982
12068
12065
12076
11873
11804
12080
12068
12029
11973
12077
11976
12086
11955
11886
11819
11783
11997
11858
12028
11716
11694
12084
11832
11718
11957
11940
11952
12024
11940
12037
11956
11910
11584
12087
11557
11980
12008
12077
12016
11823
11866
11976
11920
12039
12073
11763
12053
12034
12075
11717
12031
12040
12041
11949
12033
12022
12022
11973
12086
12091
11967
11786
12051
12054
11746
11819
11982
11968
12042
12089
12076
12021
12084
11915
12033
12028
12090
12069
11548
12077
11761
12007
12047
12077
12090
12046
11795
12085
11548
11926
12079
11616
12015
11973
11623
11846
12089
12064
12064
12085
11968
12089
12085
12090
12012
12064
11832
12084
12003
12057
12084
11778
12036
12031
11767
11914
12043
11989
11863
12007
12034
11945
12043
11553
11741
11973
12031
12083
12089
11791
11838
12014
12079
11917
12090
11709
12016
11967
12084
12005
12072
11721
11684
12063
12019
12084
12090
12019
11998
11737
12070
12021
12079
11814
11882
11974
11781
11883
12071
12072
12057
11696
12045
12046
12078
12083
11936
12044
11968
12074
11962
11657
11974
12091
12053
11967
11888
12083
11910
11802
11925
11957
11937
12061
12090
11977
12052
12084
11704
11831
12065
12052
11855
12076
12072
11857
12037
12062
11994
12062
12040
11930
12001
12067
11898
11955
11865
11914
11968
11720
12077
12020
11780
11948
11654
12061
12044
12027
12052
11797
