ocp
12110
12168
12161
11752
12104
12133
11965
11791
12010
12125
12078
12132
12101
12150
12059
12159
12027
11999
11863
12067
12134
12154
12125
12160
12114
11911
12164
12074
12052
12120
12136
12150
12150
11988
12115
11739
12137
12159
12066
12170
12063
12162
12137
11753
12059
11935
12063
12011
12057
11883
12020
11995
12103
12157
12100
12107
12043
12158
12010
12076
12088
12068
12139
11908
12150
12121
12005
11882
11910
12165
11777
11990
12082
11917
12143
12130
12019
12100
12039
12103
12019
12151
12126
11783
12140
12029
12125
12122
11799
11918
12063
12106
12165
11832
12102
12094
12162
12067
12157
12091
12109
12112
12168
12136
12126
12133
12138
11898
12075
12150
12098
12155
12011
12073
11868
11872
12144
12167
11958
12131
11945
12141
11964
12165
12166
12105
11894
12167
11695
12014
12050
12118
12050
12063
12077
12020
12129
12169
12008
12043
11693
12142
12050
12073
12062
12142
12084
12163
12104
12150
12102
12137
12075
12052
12116
11987
12051
11953
12137
12147
12037
11905
12150
11656
11979
12133
12131
11928
12150
11963
12077
12169
12159
12151
12099
12125
12000
12105
12131
11979
12008
12104
11638
12120
12164
12137
11805
12048
12115
11986
11900
11714
12126
12081
12161
12164
12062
12111
11668
11968
11882
12145
11824
12081
12078
12142
12121
11981
12145
12110
11879
12157
11915
12123
11874
11870
12149
12136
12141
11815
12151
12152
12091
12107
11965
12000
12073
12045
12039
11695
12020
11967
12040
11846
12157
12138
11999
12168
12037
12066
12148
11976
12053
12129
12101
12091
12107
12039
12131
12012
11647
11987
12107
12100
11958
12076
12029
12150
11995
12142
12157
12046
12065
12137
12102
12018
11725
12138
12108
12117
12113
12143
12157
12077
11996
12138
11887
12109
12164
12044
12108
12108
12102
12114
12109
12081
11772
12148
12085
11822
12085
12077
12078
11718
12072
12152
11909
12119
12118
12149
12113
12137
12093
12076
11927
12034
12137
12149
12114
12009
12149
12143
12116
12155
11958
12101
12137
12157
11843
11909
11740
12168
11890
12051
12159
12084
12105
12081
11756
12155
12094
12001
12165
12154
12107
12011
12126
12126
12113
12042
11895
12066
12108
12110
12159
12083
12079
12169
12105
12164
12108
12157
12099
12137
11909
12084
12084
12124
12164
12161
12050
11844
12075
12008
12039
12092
12089
12069
12067
12157
12094
12081
12150
12119
12094
12140
12130
12043
12164
12086
11957
11789
12093
12116
12089
12155
12145
12165
11731
11980
12159
11966
11967
12138
12169
11792
11742
11995
12110
12144
12073
11985
11955
11965
12161
11902
12054
12122
12147
11930
12102
12137
12162
11982
12089
11741
12045
12049
12168
12154
12168
12005
12077
11941
12008
12049
12098
11980
12168
12168
12049
12161
12164
11998
12023
12014
11844
12017
12157
12032
11843
11651
12008
12001
11915
12143
12113
12055
12075
12150
12139
12144
12109
11701
12163
12120
12037
12115
12169
12163
12037
12168
11992
11886
12140
11962
12065
12161
12149
11945
12053
12081
12128
12084
11922
12141
12164
11941
12103
12156
12133
11960
12096
12027
12123
12134
12123
11983
12134
12127
12165
12150
12120
12119
12045
12161
12169
12125
12074
12161
12044
12107
12161
12164
12067
12168
12118
12163
12154
11982
12164
11886
12160
12164
12140
12163
12091
11898
12164
12123
12042
12129
11874
12143
11975
12121
12004
12154
11871
12149
12154
12113
12150
12153
11794
12065
12038
11894
11997
12152
12088
11708
11925
12146
12169
12079
12109
12168
12105
12089
12141
11949
12157
12089
12121
12133
12157
11984
12160
11996
11812
12147
12125
12030
11998
12007
12000
12030
12158
11976
12168
12144
12116
12150
12004
11756
12092
12080
12028
12149
11723
12144
11933
11891
11974
12008
11668
11743
12077
12137
11938
11967
12144
11943
12159
12043
12170
12146
11761
11904
12088
12126
12139
11871
12152
12053
11898
12102
12077
12163
12004
11708
12005
12078
12123
12056
12121
12103
12103
11847
12101
12152
12077
12119
12165
11721
12142
12039
12021
12052
12050
12009
11817
12139
12140
12029
12131
12157
12100
12137
11979
12149
12160
12141
12119
11891
12137
12118
11839
11802
12056
12073
12157
11733
12093
12161
12122
11984
12138
12016
12145
12160
11931
12099
11959
12131
12063
12151
11781
11923
12150
11961
11883
12143
12038
11720
12160
12156
12157
12156
12045
12089
11786
12016
12085
12166
12119
11976
12155
12042
11965
12147
12149
12113
12077
12101
12170
12149
12168
12119
12088
12119
12068
12043
12165
12048
12056
12046
11991
12162
12158
11772
12168
11660
11924
12159
12075
11865
11823
12119
12136
12086
12159
12155
11818
12011
12159
12062
11984
12137
12126
11982
11923
12019
12152
12112
11958
12117
11918
12153
11997
12075
12137
12038
11897
12097
12072
12123
12108
12078
12159
12070
12143
12137
12090
12055
11701
12137
11960
12160
11927
12147
12163
12138
12098
12164
12009
12009
12132
12072
11855
12157
12055
12148
12049
12164
12119
12147
12119
12099
12056
12137
12147
11758
12096
12011
11931
11732
12107
12005
12152
12053
12164
12102
12107
12078
12089
12091
12158
12161
11969
12078
12127
12160
11848
11798
11658
11817
12151
11937
12020
12156
12026
12085
12152
12131
12070
12095
12114
12127
12091
12078
11749
12137
12103
12062
12158
12066
12139
12121
12148
12161
12082
11976
11940
12106
12152
12075
12157
12154
12049
12143
12150
12161
12043
11640
12164
12061
12090
11855
12078
12080
11973
12153
11728
12002
12035
12164
11692
12163
11876
11735
12138
12118
12124
11923
12050
11917
12157
12084
12160
12163
12107
12163
12012
12003
12154
12043
12089
12156
12050
12166
12111
11898
12018
11904
12162
12114
12084
12115
11982
12051
12144
12142
12081
12062
12013
12153
12055
12067
12137
12164
12143
12101
12061
12134
12107
12112
12117
12098
12126
12085
12063
11966
12163
11998
12153
11953
12034
12051
12064
11703
12143
11929
12136
12055
12056
11708
11872
12159
12004
12077
12148
12103
11998
11996
12160
11984
12135
11886
12125
12126
11742
11861
12082
12128
12148
11856
12154
12110
11982
12123
11839
12150
12135
12115
12151
12139
12164
12048
12144
11898
12138
11927
12131
11968
12130
11880
12076
12000
12149
12091
11938
12166
12094
12097
12094
11727
12051
12078
12077
11958
12100
12130
12164
12113
12062
12038
12160
11841
11921
12165
11905
12097
12088
12107
12143
12060
12164
11854
