ocp
11677
12066
11614
12077
12015
12100
12094
12032
12112
12057
11943
12118
12035
12146
12117
12138
12137
12116
11777
11849
12100
12142
12128
12047
12151
12150
12064
12045
12144
12108
12144
12111
12146
12003
12119
12090
12112
11677
12111
12123
12146
11877
12150
11903
12119
12013
12007
12119
11856
11989
12011
12038
11927
12138
12062
11774
12035
12145
12126
11941
12034
11924
12015
12018
12146
12027
12094
12124
11988
11983
11885
12024
12135
12140
12129
11775
12144
12082
11982
12145
12145
12139
12074
12118
11896
11844
12012
12096
12118
12118
12150
12151
12137
12035
12032
12083
12032
12051
12072
12053
12146
12133
12091
12147
12138
12145
12006
12092
12024
12066
11928
11994
12083
12068
12104
12075
12033
12150
12127
12150
12144
12141
12144
12112
12041
12135
12123
12144
11803
12062
12134
12095
12023
12058
12036
12129
12134
12042
12077
11949
12134
11954
12062
11734
12147
12072
12144
12103
12072
12025
11947
12146
12103
12083
11993
12094
11978
12119
12064
12134
11709
12117
12118
12145
12058
12062
12082
11799
12084
11968
12080
12113
12117
12102
12118
12125
12065
12119
12145
11940
12118
12151
11992
12145
12114
11951
12145
12150
11973
12024
12003
11931
11701
11944
12118
12101
12045
11924
12142
11937
12102
11942
12150
12146
11897
12025
12084
12100
12141
11754
12100
12040
11957
11910
12141
12145
12141
12025
11667
12137
12082
11997
12150
11910
11642
12119
12143
12079
12120
12094
12003
12017
12142
11947
11805
12144
11738
12148
11633
12137
11771
12133
11933
11949
12015
11935
12012
12011
12101
11824
11972
12119
12101
11614
12100
11734
12027
12039
12084
11997
12076
12140
12134
12143
12144
12064
12049
12140
11815
12126
12079
11835
11733
12139
12102
12132
12135
11924
11934
11928
12084
12094
12081
11916
12032
12112
12069
11978
12140
12147
11853
12000
12147
12145
12071
12119
11954
12063
12144
12147
12086
12134
12146
12054
12067
11924
12111
11971
12078
12140
12079
12081
12134
11878
11707
12087
12144
11985
12130
12118
12136
12072
12143
12152
12020
12144
11702
12096
12099
11984
12055
11745
11767
12143
12103
12140
12090
11943
11899
12137
11930
12115
12103
11830
12078
11912
12041
12059
12146
11903
12090
12084
11614
12036
12145
12145
12141
11885
12033
11803
12146
12143
12011
12086
12086
11932
11981
11934
11849
11972
11810
11991
11992
12145
12091
11990
11935
12146
12056
12065
11923
11835
12020
12143
12082
12098
11974
12060
12002
12037
12140
12014
12101
11869
12090
12039
12038
11988
11643
12150
12145
11677
11973
12103
12059
11975
12070
12124
12121
12115
11873
12075
12078
11814
12100
12002
12120
12143
11911
12105
12091
11951
12067
12013
11900
12151
11691
12061
11930
12150
12133
12079
12104
12106
12080
11686
12115
12031
12140
12095
12145
12140
11881
11635
11912
12016
12112
12067
12137
11930
12060
11766
12111
12142
12033
11981
11866
12141
12114
12136
12134
12091
12147
12061
11966
12094
12064
12044
12117
11959
12009
12095
12083
12101
12142
12074
12076
12006
11737
12122
12144
12014
12072
12088
11899
12067
11968
11894
12119
12123
12021
12119
11679
11989
11804
12005
11842
12145
12047
12144
12117
12144
12073
12075
11954
11872
12146
12038
11973
11625
12066
11774
12120
11997
12005
12036
12008
12112
12147
12133
12075
11733
12108
12142
11875
12008
11869
12046
12065
11867
12118
11945
12012
12118
11969
12098
11857
12144
12142
11920
12146
11957
12110
12146
11807
12147
12102
12036
11973
12108
12147
12032
11990
11767
12043
11967
12102
12120
12005
12033
11669
12005
12032
12015
12142
12095
12061
12097
11952
12085
11758
12015
12113
12143
12064
12098
12100
12142
11928
12112
11853
12003
12069
11958
12015
11970
12020
12115
12137
12104
11999
12144
12011
12026
11834
12109
12131
12079
12071
12145
11943
12095
12145
12118
12003
12071
11784
12078
11889
12145
11908
12012
12118
11640
12120
11971
12081
12064
12064
11949
12127
12012
12151
12076
12065
12146
11854
12107
11723
12061
12137
12146
11898
12094
12119
11952
12098
12126
12083
12058
11872
11760
12146
12123
12105
12138
11944
12065
12111
12140
11958
12091
12099
12129
12117
12150
12107
11860
12077
12119
12143
11885
12147
11981
12121
12062
12149
12124
12122
12074
11643
12143
12064
12098
12118
12072
12146
12117
12081
12109
11956
11860
12028
12112
12144
12112
12069
12095
12138
11953
11964
12095
12052
12069
12033
12090
12137
12064
12152
12132
11807
12066
11674
12143
11933
12151
12150
12133
12043
11889
12118
11976
12094
11668
12095
12074
11894
11926
12146
12137
12045
11929
12013
12118
12081
11960
12094
12146
12049
12100
12143
12145
12017
12092
12113
12143
12102
12101
11902
11632
11990
11755
12141
12146
12090
12001
12060
11817
11904
11918
11806
11905
11829
11895
11921
12094
11847
11810
12074
11721
12113
12012
12058
12025
12061
12147
12008
12016
11981
12143
11899
12090
12112
12084
11815
12085
12140
12142
12125
12043
11944
12143
11914
12119
12143
12114
11669
11911
11869
12095
12140
12112
12144
11946
12142
12149
11729
11758
12120
12004
11943
12027
12118
11838
11681
12090
12129
11848
12075
12114
11682
12124
11884
12092
12108
11764
12090
12137
11788
12128
12118
12082
11904
12080
12014
12080
12132
12143
12129
11897
11967
11952
12147
11794
12137
11878
12070
11997
12119
12020
12145
12108
12125
12112
12129
12012
12139
11912
12129
12129
12016
11718
12100
11760
11821
11882
12016
11812
12146
12117
11879
12087
12103
12146
11734
12118
11971
11984
12127
12049
12095
12135
12083
12133
12137
12084
12146
12139
12053
12147
12113
12138
11944
12078
12118
11899
12032
12077
11780
11784
12103
12054
12134
11989
12076
12119
12085
12145
11805
12106
12134
11849
12137
12146
12102
12073
11843
12046
12119
11947
11840
12118
12119
12147
12011
11614
12132
12101
12025
12147
11933
12146
12142
12143
11945
11886
11936
12052
12033
12072
12089
12012
11963
12106
11943
12108
12023
12130
12009
12009
11940
12145
12016
12060
12151
12080
12127
12118
12145
12095
12083
12013
11625
11876
12012
12011
12084
12106
11944
12043
12066
12149
12140
11938
12038
11928
12148
11872
12117
12119
12100
12046
12144
12048
12112
12144
11707
12144
12005
12118
11919
12146
11909
12059
12118
12112
12125
11839
12080
12007
12131
11854
11697
12104
12051
11873
12078
11996
12129
12111
