ocp
11952
12116
12129
12010
11903
11959
12098
12110
12073
12073
12036
12057
12126
11938
12127
12111
12022
11992
12019
12022
12006
12124
12036
12106
12130
11861
12126
11764
11963
12127
12098
12098
11754
11827
12051
12051
12029
11975
12129
11912
11630
12096
11660
12063
12054
12123
12053
12129
11908
11915
11760
12081
12065
12041
12087
12088
12129
12062
12078
12103
12115
12090
12125
12078
12023
11820
11988
11685
12063
12122
11857
12111
12052
11924
11926
11930
12022
11978
12096
12092
11898
12106
12119
12129
11854
12003
12050
11940
12060
12129
12098
12122
11917
11916
12124
11943
12020
12116
12131
12110
11932
11774
11985
11855
11996
11982
12126
12016
11912
12004
12027
11950
11861
11901
12121
11916
11858
11883
11731
11948
12083
12121
12121
11877
12093
12116
11762
12079
11902
12064
11944
12123
12023
11661
12003
12053
11924
12026
12129
11995
11842
11924
11990
12129
12039
11748
12124
11776
11978
12082
12041
12100
12123
11826
12092
12056
12071
12015
12050
12035
11797
12118
12014
12044
12037
11982
12059
11989
12067
11748
11913
12100
12096
12111
12085
11863
11770
12031
12098
11739
11981
12115
11843
12022
12092
12117
12035
12073
11844
11872
12002
12111
12004
11787
12080
12037
12061
12055
12116
11991
12057
12092
11975
12128
12021
11862
11983
12082
12128
11700
12098
12125
11951
12121
11926
11710
11982
11966
12088
11977
12005
11929
11945
11951
11908
11884
12055
11949
11878
11960
12102
12040
11661
12100
12120
12124
12079
12041
12092
12112
12061
11692
12031
11735
11845
12098
12026
11901
11804
12042
11933
11897
11794
12052
11686
12127
12130
11944
12099
12079
12060
12064
12082
11865
11677
12129
11894
11977
11729
11690
11966
12129
11769
12080
12028
11911
11962
12121
12013
12066
11991
12052
11932
12123
12035
11956
11899
12107
12056
11683
12015
12029
11966
12083
11929
12096
11848
12130
11835
12045
12063
12103
12083
12120
12121
12127
12122
11999
12098
12038
12062
11943
12057
12038
12044
12098
12096
12002
11890
12077
12046
12102
11751
12129
12106
12125
12003
11906
11819
11802
12130
12027
12092
12082
12117
11872
12114
12034
11759
11993
12084
12027
12099
12062
12008
12110
12059
12129
12070
11877
12055
12011
11774
12092
11983
11955
12030
12092
12054
12077
11946
12106
12003
12114
12111
12071
12115
11762
12114
11904
12032
12075
12016
11802
12101
12130
12129
11921
11991
12095
12101
11995
12128
12101
11664
11755
12121
12129
11908
12117
12048
11736
12019
11643
11999
12067
12090
12073
12008
12081
12119
12084
12115
12092
12012
11961
11618
11870
12023
12008
11959
12096
12014
12040
12099
11831
11850
12127
12130
12055
12125
11979
12097
11904
11910
12095
12050
11999
12035
12048
11910
12030
11907
12035
11985
12129
11931
12005
12095
12121
12101
12018
11993
12083
11977
12018
11961
12102
12009
12046
11712
11869
11904
12128
12072
11974
12129
11877
12048
12042
12053
12025
11882
12062
12117
12016
12053
12122
12094
12025
12002
11915
12077
12045
12081
11979
11971
12014
11934
12014
12078
11850
11993
12116
12101
12103
12116
11977
12096
11826
12093
12070
12061
11991
11899
12129
11843
12102
11792
12016
12121
11730
12063
11952
12104
11668
11901
11974
12074
12059
12110
11928
11885
11675
11951
11911
12116
11980
12096
11619
11946
12060
12115
11945
12121
11925
11972
12006
12085
11925
12111
12065
12083
11798
11965
12102
12074
11966
11965
11970
11717
11982
12122
11849
11940
12051
12096
12129
12122
11693
12072
12096
11981
11933
11971
12096
11816
12061
11981
11628
12029
12049
12122
12053
11912
11909
12129
12066
12087
12081
12120
12107
12060
12095
12066
12108
11790
12005
11970
12000
12130
11980
11954
12098
12054
12127
12129
12023
12123
12082
12110
12033
11919
12094
12022
11916
11959
12129
11944
11977
12048
11782
12110
12096
12084
12105
11740
12089
12067
11837
11734
12091
12069
12061
11845
12084
12098
12112
11896
12124
12066
12057
12083
12098
12109
12113
11779
11801
11650
12103
11815
12104
12126
12024
11761
11799
11640
12044
12128
12126
12018
12052
12002
12045
11959
12085
11797
11735
11906
11908
11979
12005
11991
11907
12010
12119
12123
11791
11978
12049
12029
12096
12093
12042
11718
12097
12087
12075
12099
12123
12100
11650
12113
12110
12000
12085
12124
11898
12082
12042
12086
12000
12129
12125
12104
12097
12123
11992
11991
12126
11743
12014
12093
11835
11942
12130
11897
11835
12120
11731
12110
12128
11871
11930
11989
11937
12130
11914
11810
11948
12130
11993
11794
12086
12103
12085
12066
11958
12110
12118
11856
12100
11970
11921
12078
11945
12034
12122
11837
12066
11755
12030
12129
12001
12078
12125
11906
11721
11876
12024
12040
12085
12014
11945
11823
11830
12054
12022
12070
12122
11993
12021
12095
11856
12111
12059
12007
12130
11892
12098
12129
12043
12110
12026
12113
12117
11763
11699
11948
11906
12096
11754
12075
12060
12093
11973
11867
11952
12084
12023
12096
11812
12087
11942
12081
12105
12063
12127
11752
12093
12089
12071
11864
11675
12031
12098
12125
11910
11839
12087
12079
12104
12040
12071
12012
11763
11809
11750
12116
12075
11636
11721
12130
12033
12075
11709
11730
11919
12072
11993
12111
11924
11998
11957
12126
12099
12042
12012
11821
12128
11951
12002
11835
11999
12128
12122
12023
12008
12096
12028
11862
12128
12048
12127
12062
12050
12099
12075
12123
12071
12116
12115
12127
12112
11872
11819
12095
12066
12083
12031
12012
11749
12004
12014
12006
11638
12020
11827
12098
12104
12114
11668
12120
12079
11991
11876
11971
11731
11829
11927
12040
11998
12023
12110
12058
12095
11705
11769
11871
12047
12031
11843
11925
12107
12025
12087
12047
11715
11887
11943
11955
12124
12124
12083
11994
11999
11906
12126
12122
11973
12026
12062
11966
11911
12130
11681
12000
11939
11961
12028
12130
12093
11671
11825
12080
12078
12007
11706
11893
11763
12073
11952
12117
11991
12096
12086
12097
11724
12073
12039
12051
12089
12031
11879
12028
12115
11954
12099
12120
12118
12049
12096
11963
12025
11916
11691
12120
11999
11946
12053
11787
12115
12100
12064
12076
11911
12110
12130
11899
12040
11727
11801
12108
11843
12098
12129
12083
12130
11932
12125
12080
11719
12099
12108
12026
11968
11930
12069
11920
12126
11900
12125
12059
12126
11760
11999
12082
12095
12085
12130
