ocp
12044
12153
12109
12168
12149
11917
12128
12107
12050
12167
12079
12096
11967
12068
12016
12131
12165
12156
12044
12115
12099
11733
12126
12133
12137
12155
12161
12154
11929
12128
12056
12129
11909
11818
12169
12161
12010
12164
12147
11933
12160
12090
12060
11941
12113
12083
11876
11629
11891
12153
12156
11884
11903
12149
12157
12175
12166
12114
12025
12155
11987
12082
12024
12167
12128
12006
12138
11999
12090
12152
11986
12150
12099
12168
12158
12133
12078
12073
12139
11976
11965
11782
12122
12074
12027
12004
11965
12056
11918
12157
12157
12134
12126
12123
12083
12143
12138
12099
12169
12133
12067
12089
11940
12033
12013
11995
12117
12049
12090
12137
11956
12095
12147
12011
12130
12151
12152
12147
12147
12077
12126
12034
12118
12144
12161
12125
12127
12121
11847
12118
12157
12165
12007
12145
12048
12002
11893
12162
12150
12160
12136
12120
12128
12111
12101
11962
12139
12162
12127
12130
12033
11832
11856
12127
12044
12093
12107
11950
12158
12132
12016
12176
12031
11937
12096
12056
12030
12026
11993
12147
12155
12057
12169
11956
11832
12147
12027
11731
12134
11990
12057
12063
12129
11918
12136
12108
11811
12116
12168
12138
12051
12107
12161
12147
12060
12144
11705
12137
12147
12102
11924
12113
12161
11931
11851
12046
12139
12102
11925
12080
12132
12143
11956
12070
12129
12129
12138
11852
12136
12126
12147
12154
12086
12004
11955
12162
12020
12027
12147
11963
12010
11996
12161
12043
12152
11759
11842
12101
12139
12029
12165
12145
12003
12135
12151
12103
12021
12166
12061
12089
12141
12171
11873
12127
12166
12121
11698
11744
12124
12136
12026
11984
11967
12168
12149
12117
11849
12166
12144
12124
12107
12158
11629
12104
12099
12129
12001
12068
12068
12063
12042
12165
11942
12131
12148
12164
11821
12119
12121
11986
12037
12060
12060
12114
12159
11879
12025
12050
12002
11992
11940
12090
12137
12138
12167
12135
12153
11886
12093
12118
12165
12109
12129
12026
12150
11957
12130
11967
12129
12092
12166
12153
11935
11629
12161
11900
11952
12051
11870
12110
12125
12083
12137
11951
12154
12154
12098
11856
12060
11719
12118
12047
12154
12080
11903
12004
12163
12130
12138
12122
12144
12057
12168
12136
12089
12147
11933
12144
12125
12027
12099
12061
12123
12116
12127
12154
11917
12148
12169
11968
12175
12045
11944
12159
12169
12081
11960
12018
12176
12154
11902
12091
12155
12169
12136
12060
12138
12129
12144
11922
11945
12169
12128
12058
12042
12153
12165
12056
12132
12139
12161
12130
11982
12160
11790
12127
12049
12134
12023
12062
11968
12167
12004
12070
12108
11963
12135
12034
11874
12101
11986
12150
12145
12167
12139
12071
12139
12021
11874
12036
12033
12155
12080
12092
11722
11891
12159
12127
12016
12029
11889
12111
12121
12062
12147
12128
12060
12122
12060
12025
11967
11968
12148
12175
11951
11865
12134
12130
12075
12007
12147
12062
12066
12027
11940
12119
12147
12070
11937
11999
12139
11973
12139
11773
12006
12129
11711
12170
11666
12115
12048
12133
11954
12049
11739
12147
12132
12138
12062
12122
12174
12079
12161
12156
12149
12095
12026
12115
12158
11945
12127
11899
11882
12002
12162
12065
11883
12147
11877
12133
11961
11880
11970
12009
11953
12131
12109
11919
12168
11979
11934
12156
12157
11831
12084
12028
12138
11926
11914
12092
12061
12052
12170
12140
12159
12126
12138
12161
12170
12149
12143
12156
12134
12016
12018
11629
12122
11969
12148
12132
12170
11707
12102
12115
11634
12065
12044
12115
12115
12174
12154
12070
12171
12036
11686
11991
12079
12155
12154
12126
11905
12047
12156
11962
12086
12155
12006
12021
12143
11686
12148
12164
12014
12134
12169
11866
11999
11928
12130
12125
12171
12022
12119
12153
12139
12060
12153
12144
12035
12057
12159
12138
12030
12136
12176
12150
12004
12161
11993
11950
11960
12016
12106
12174
12085
11927
12099
12004
12119
12143
12092
12079
12153
12171
12144
11886
12065
12064
12137
12148
12010
11894
12132
12118
11987
11701
12041
12143
12048
12157
12126
12067
12170
12052
11928
12047
12014
12007
11842
12167
12133
11967
12157
12029
12147
12048
12149
11885
12128
12016
12152
12148
11911
11877
12157
12130
12139
12085
11969
11971
11732
12149
12160
12128
12146
12064
12002
12160
12173
12155
12139
12054
12143
11760
12133
11874
11960
12163
11996
11898
11919
12159
12061
12137
12133
11629
12155
12137
11811
12114
11809
12174
12059
11668
11943
12101
12147
12139
12152
12037
12026
11932
12012
11973
12011
12116
12072
12061
11759
12059
12122
12107
12102
12061
12121
11979
12089
12121
12167
12050
12161
12138
12138
12061
12089
11783
12143
11961
12101
12143
12091
11967
12079
11758
12037
11892
11917
11772
12131
12150
12176
12125
11881
11865
11860
12040
12015
11825
12011
12021
11756
12070
12151
12069
12152
12170
12157
12115
12098
11887
11974
12027
12130
12108
12140
12061
12148
12100
11880
11725
11883
11948
12092
11990
12169
12139
12107
12150
11949
11920
11990
12002
12099
12129
11997
12160
12138
11993
11903
12130
12148
11796
12144
12122
11818
12153
12156
12175
12169
11947
12175
12132
11975
12107
12089
12136
12069
11880
11676
12098
12052
12136
11980
12064
11936
11629
11823
12139
12020
11840
11881
12143
12160
12090
11756
11990
12105
12102
12132
12161
12131
12171
11966
12122
11937
12066
12098
11836
11993
12150
11753
12043
12072
12148
12017
12032
11947
12137
12129
11984
11857
12105
12004
12107
12102
11678
11950
11890
12023
12136
12134
12123
12103
12060
12149
12123
12106
12138
12106
11934
11653
12096
12115
12115
12010
12154
12170
12003
12174
11956
11798
12071
12095
12043
12115
12137
12098
12087
12130
12084
12122
12162
11629
12085
12153
12163
11855
12147
12123
11989
11934
12066
12032
11962
12115
11921
12093
11920
12110
12159
12169
12161
12069
12081
12110
12042
11998
12025
12116
11843
12139
12041
12139
11889
12024
11922
12052
11762
11841
11895
12159
12144
12125
12138
12146
12146
12160
12176
12149
12168
12083
12175
11937
12161
12091
12097
12161
12145
12165
12126
12059
12168
11993
12044
11962
12040
12128
12092
12169
12143
12133
11987
12153
11985
12100
12162
12125
12045
11921
12117
11995
12057
11985
11755
11869
12151
11774
12098
12123
12026
11804
12153
12048
11791
12010
12139
11855
12175
12005
12041
