ocp
12039
12058
12117
12123
11676
12107
12086
12015
12119
12127
12128
12087
12119
12079
11928
11889
12119
12018
12114
12125
12085
12100
12097
12052
12063
12020
12119
11983
11995
12075
11991
12101
11818
12001
12044
12072
12014
12091
11926
12116
12065
12127
11935
12066
12093
11814
12109
12039
12109
11805
12123
12009
12081
11699
12126
11847
12112
11790
12058
11979
11988
12091
12077
12045
12081
12088
12025
12075
11914
11785
11877
12081
11593
11740
11928
12019
12034
12130
12129
11927
12060
11971
12130
12023
12113
11868
12122
12122
12119
11831
11957
12119
12057
12059
12116
12060
12099
12116
11989
12112
12058
12124
11921
12130
12111
12027
11947
12068
12017
12128
12124
12106
11978
11874
11939
11847
11970
11993
12027
11819
12026
11997
12083
12097
11637
12124
11844
12090
12065
12089
12123
11739
11756
11936
12030
12123
11935
12036
12090
11764
12094
12046
12117
12097
12103
12116
11990
12002
11771
11842
12119
11897
12049
12129
12020
12030
12119
12122
11868
11911
11952
11921
12104
12119
12040
12075
12050
11785
12127
11874
12129
12093
11891
12051
11999
12107
11736
11957
12128
11822
12034
11813
12091
12017
12122
12079
12068
12118
12043
12112
12071
12061
12108
12116
12099
12047
12123
12127
12082
11874
11695
12130
12092
12127
12079
12103
12090
12072
11928
11974
12097
12000
12112
12119
11876
12023
12129
11998
11827
12106
11974
12039
12126
12069
12119
12126
11967
11936
12124
11932
11901
12099
12066
12113
12019
12014
11939
12029
12079
11993
11834
12000
12097
12019
12072
12119
11832
11744
11853
12125
12040
12018
12012
11909
12113
12017
11998
12129
12129
11789
11967
11859
12094
12083
12116
11808
12116
12081
11844
12017
12029
11956
12085
11967
12122
11985
12064
12100
12125
12096
11915
11917
12002
12127
12046
12001
12060
11864
12120
11852
11990
12081
12035
12117
12040
11987
12058
12044
11977
12127
12055
12003
12014
12045
12129
12078
11911
11986
12024
11836
12130
12073
11744
11755
12035
11904
11701
11949
11641
11867
11863
12108
12099
11667
12053
12109
12076
12067
11901
12031
12083
11884
11996
12129
12019
11934
12008
11917
12093
12116
12076
12125
12102
12047
12019
12056
11938
12119
12072
11916
11909
12024
12124
11974
11973
12057
12058
12019
12116
12047
12047
11985
12119
12112
12049
11954
11990
11837
12121
12010
12005
11755
11934
12101
12109
11815
11905
12084
12123
12117
12117
12125
11859
11974
12015
12126
12060
12049
11877
12084
12040
12045
12057
11930
11904
12032
11960
12045
12017
12096
12123
12016
12122
11843
12013
12095
11876
11815
12080
12038
12074
12015
11952
11766
12078
12125
12036
12065
12101
12026
12087
11967
12127
12126
12122
12076
12064
12029
12100
11863
11948
11999
12042
12127
11814
12122
12065
12126
12018
12039
12119
12019
12124
11954
11877
11721
12102
12039
12065
12046
12123
12097
11941
11957
12014
12078
11973
12072
11767
12066
12119
11940
12128
12113
12028
11841
12128
12129
11821
11945
12119
12122
12096
12052
12093
12071
12011
12118
12120
12127
12079
12104
11913
12118
12116
11915
12035
11665
12125
11973
12122
12031
11707
12064
12039
12119
12096
12129
11920
12119
12062
12091
11861
12130
12067
12020
11991
12010
12107
12125
11949
11686
11926
12129
12072
11848
11955
11834
12044
11777
11856
11950
12124
12125
11941
12109
12082
11952
12034
12006
11900
12045
12015
12128
11932
11987
12127
11947
11960
11914
12077
11945
12003
12116
11952
12118
11821
11821
12084
12113
11790
12128
11997
11989
12122
12100
12023
12078
11910
11889
12047
12021
12088
12100
12067
11998
12118
12079
12114
11972
12017
11789
12084
12129
12101
11971
11808
12088
12035
12122
11845
11866
11878
12024
11731
12039
12026
12091
12047
12127
12114
11981
12042
12130
11965
12081
12028
11828
12039
12079
11725
12026
11972
12129
12078
11891
12028
12090
12105
12128
11975
12001
12129
12129
12127
11843
12113
12102
12001
11963
11638
12063
12039
12108
12102
12094
11953
12083
12055
11891
11961
12124
12087
12082
11957
12071
12112
11954
12047
12122
12108
12099
11749
12130
11910
12066
12088
12037
11949
11972
11618
11868
12119
11754
12122
12130
12119
12063
11977
11695
11864
12060
11891
12081
12065
12069
12083
12053
11994
12038
12015
12011
12106
12097
12123
12119
11856
12059
12115
12079
11971
11820
12056
12122
12122
11974
12128
12093
12118
12088
11629
12033
11982
11752
12129
12109
12118
12098
11983
12128
11750
12014
11894
11897
11903
12000
12029
12098
11708
12078
11816
12017
11760
11631
12039
11866
11916
12063
12116
11946
12128
12107
12105
12127
12046
11917
12095
12125
12106
12128
12072
12022
12075
12092
12066
11730
12003
11923
11913
12068
12039
12068
12113
11997
11880
12095
12081
11788
12100
12125
12096
11939
11988
11952
12085
12017
12128
12107
12122
12123
12050
12030
12036
11861
12119
12074
11982
12088
12103
11798
12079
12063
12127
12110
11972
11990
12082
11938
11983
12097
11967
12049
12110
12069
12039
12113
11820
12080
12040
12119
11860
12015
11812
11947
12062
11921
12093
12092
12100
12095
12013
12115
11982
11932
11726
11776
12045
12123
12086
11878
11968
11976
12119
12117
12064
11822
12118
12116
11768
12113
12006
12118
12129
12127
11902
12074
12063
12026
11998
12113
12031
11967
11711
11908
11877
12078
11911
11828
11999
12110
12083
12034
12123
12123
11958
12122
11928
11978
12109
12120
12113
12017
12110
11905
11876
11726
11974
12065
12079
11912
12092
12103
12063
12097
11716
12022
12116
11849
11993
11741
12034
11769
12087
11798
11756
11953
12013
12077
11917
11962
12057
12130
12038
12051
12128
12039
12065
12028
12028
12107
12018
12113
12053
12060
12018
12015
12115
12113
12125
11905
11921
11911
11751
11874
12086
12127
11987
11741
12127
12065
12123
11843
12125
12076
12120
11998
12125
11974
12086
12069
12093
11910
12099
12004
11790
11998
12063
12004
12106
11859
12086
12099
12106
12052
11637
12127
12051
12109
12109
12123
12124
12128
11915
11999
12116
12001
11953
12055
11881
11617
12048
11916
12113
11972
12054
12087
12108
11929
12051
11673
11959
11821
12003
11675
12107
11685
12128
12128
12117
11623
11641
11988
12122
11936
11930
12026
12053
11840
11597
11990
12124
12118
12078
12069
11729
12095
12080
12099
11776
11921
11994
12081
12054
12006
12129
11922
12102
12102
11820
12080
