ocp
12002
12036
12017
11705
11921
12071
11938
11660
11965
11571
11947
11958
12073
12000
11916
11618
11859
12046
11841
12004
12033
12064
11919
12065
12034
11818
12058
11962
12057
11761
11941
11935
11987
12036
11865
11741
12034
12012
12043
12045
12065
11981
11786
12033
12029
12014
11974
11809
12075
11722
11718
12072
11899
12031
12006
11941
11886
11965
11712
11719
11861
11808
12023
11738
12061
11971
12057
11983
12065
11986
11961
12017
11928
12073
12021
12010
11859
11986
12040
11973
11695
12039
11608
11712
12077
12036
12054
12074
12033
12054
12068
12050
12020
11749
11797
12000
11727
12058
12074
12048
11988
11927
11663
11861
12009
12024
11925
11821
11547
11990
12045
12027
12069
12070
11996
12030
11941
12057
11847
11677
11787
12056
12032
12023
12018
12069
11891
12067
11933
12021
11628
11953
11899
12038
12078
12007
11925
11955
11821
11900
12064
12008
12061
12025
11935
12069
12052
11895
11970
12060
11679
12039
11823
12079
11970
12030
12016
11968
12035
12045
11983
12071
12040
12030
11701
11621
12065
11956
12065
11915
12071
11774
12044
11931
11790
11949
11645
11932
12065
11982
12048
12052
11703
11994
11972
11987
11810
12039
12038
11847
11934
11865
12073
11807
11942
12071
11751
12044
11810
12074
12069
12008
11981
12041
11989
12061
11869
12061
11901
12047
11906
12027
11966
12054
12052
11963
12051
12002
12038
11642
11935
11694
11920
11854
11787
11777
11969
12046
11901
12061
12052
11848
11915
11760
12068
11939
11794
11921
12029
12068
12042
11847
11856
11998
11630
11970
11773
12008
12073
11938
11886
12065
12024
12064
11945
11904
12067
11878
11993
11976
12062
11986
11953
12023
11593
11777
12076
12003
12054
11957
11954
11859
12008
11988
11673
11829
12040
12068
11994
12074
12020
11961
11948
12048
11987
12079
12064
12073
12071
11967
12056
11984
11897
12068
12070
12049
12027
12057
12071
12030
11832
12077
12032
12078
11990
12069
12020
12076
12069
12062
12068
11898
12078
11842
11987
12027
11919
11948
11725
12036
12017
12076
12078
11952
12056
12030
11549
11689
12075
12021
12076
11964
11930
11945
12052
11841
11965
12038
12001
12079
11875
11946
11669
12038
11705
12068
12036
12070
12076
11763
11756
11966
12054
11905
11807
11906
12057
11926
11992
11968
11900
12074
12051
11887
12070
11954
12055
12011
11736
12074
12031
12000
12048
12079
12040
11985
11918
12037
11964
12049
11990
11840
12051
11978
11854
12073
11931
11955
12040
11643
12068
11970
11842
11939
11782
11777
11790
12018
12033
11785
12065
11963
12079
11972
12025
11650
12018
11978
12079
12065
12029
12030
11945
12041
12031
11687
12056
12073
11793
12033
11855
11822
11772
11781
11762
12049
12063
12020
12033
11817
12056
12065
12002
11948
12032
11992
12030
12003
11853
12074
11730
12045
12045
12072
12061
12031
12066
12009
12071
12018
12075
11784
12050
11852
11952
11842
12068
12033
12018
11891
12033
12000
11977
12010
11927
11874
11901
11994
12004
12068
11961
11885
12035
12059
12071
11854
12050
12059
12063
11930
12045
12050
12008
12016
12048
11560
12064
12018
11888
12031
12052
12078
12036
11686
12029
12076
11880
11864
12057
12034
11781
12003
11923
11829
12014
11881
12070
11753
12049
11938
12065
12014
11995
12071
11864
11965
12071
12079
11748
11946
11648
12007
11959
12018
12074
12025
12063
12064
11956
11556
11619
11932
12074
12076
12075
11980
12074
12080
12056
12076
11765
11921
12005
12070
11996
12071
11963
12055
12040
12052
11807
11785
12079
12069
12026
12068
12043
11838
11729
11968
11924
12029
12048
12031
11987
12076
11941
12073
12066
12069
11892
12073
11989
12070
12050
12069
11986
11936
11848
11974
12015
11878
12073
12045
12040
11765
11865
11704
11991
11994
11994
12072
12065
11625
11671
11954
11813
12009
12058
12032
12018
11839
11905
11957
11907
12030
12074
11840
11941
11955
11857
12018
12026
12030
11948
12068
12029
11685
11945
12036
12050
12020
11831
11945
11991
12052
12004
11802
12074
12059
11943
11900
12036
11951
12029
11544
11984
11970
11859
11855
12052
11938
11954
12060
11589
12073
12072
11678
11901
12064
11789
12041
11996
12074
11875
11685
12018
11862
12063
11895
11898
12035
12018
12071
12015
12012
12077
12035
12069
12029
11677
12080
11919
11886
11866
12054
12065
12045
11608
11893
11992
11935
12031
11994
12073
11667
12017
11950
12064
11941
11665
11910
11898
11856
12018
11962
12073
12073
12030
12079
12071
12065
12072
12072
11984
12002
11930
11952
12055
12000
12062
11832
11987
11988
11967
12034
12048
11974
12073
11887
11982
11781
12008
12009
12071
12045
12035
12029
11962
12073
11784
11832
12080
12076
11663
12056
12020
12074
11871
11644
11900
11907
12050
11907
11992
11953
11891
11875
12051
11866
12018
12052
12020
12006
12073
12020
12077
11617
12050
11964
12071
12075
11935
12064
11646
11962
12044
12018
12049
11788
12044
11861
11949
12068
12064
12065
11986
12047
12026
12003
12000
11940
11958
12033
11813
11780
12079
11835
11888
12045
11921
11941
11892
12064
12063
11949
11954
11993
12072
12072
12041
11983
11971
11965
11953
12048
12002
12034
11811
11954
11986
12074
12008
12045
12064
12065
12058
11973
11893
12052
11932
11932
12078
11905
12045
11958
12052
12071
11965
11796
11830
12055
12033
12071
12057
11961
12025
12029
12064
12021
11904
11890
11997
12051
11821
12071
11837
11873
11780
12026
11618
12057
12026
11959
11986
11994
12015
12073
11824
11939
11856
11613
12076
11846
11985
12049
12051
11895
12020
12035
11958
12016
11692
11607
12024
12018
12080
11977
12077
12009
12068
12028
11674
12077
12076
12049
12071
12028
12030
11995
12050
12000
12069
11931
11962
11877
11928
12080
12080
12062
11650
11954
11899
11909
11985
11591
11987
11997
11854
12046
11799
12029
12052
12071
11986
11913
12067
12064
12065
12073
12024
11935
12066
11835
11781
11830
12071
11942
12080
11759
12022
12030
12012
12071
12008
12068
11556
12015
11776
11976
11841
12079
12039
11759
12050
11968
11982
11994
12022
11664
12074
12030
12029
12056
12040
12080
12067
12065
11970
12027
12051
12030
11973
11902
11827
12027
12037
11953
11832
11952
12000
11960
11913
11919
12068
12044
12015
12065
11822
11970
11973
12013
11565
12056
12013
11889
11935
12071
11973
12076
11981
11965
11787
12013
11908
11992
11912
12080
11953
11968
