ocp
11932
12053
11644
12122
11962
12119
12136
12098
12113
12031
12103
12028
12028
11915
12103
12124
12024
12106
12020
12059
12126
11676
12130
12082
12056
11930
12103
12092
12101
11987
12133
11916
11990
12104
11697
12133
12135
12021
11901
12012
12038
12126
12037
12048
11610
11931
11940
11982
12126
12129
12069
12100
11963
11664
11636
11939
12058
12120
12123
12100
11892
12100
12134
12123
11855
11765
11997
11858
12094
12055
12081
11991
12078
11949
12103
12103
11895
12129
12102
11989
12078
11743
11852
11996
11968
11710
11973
12124
12097
12072
12026
11938
11902
11989
12107
11841
12096
12044
11822
11981
12130
11944
12090
12084
11996
12035
12137
12046
12027
11976
12107
11960
12101
12028
12102
11749
12016
11977
12102
12027
11838
11990
11977
11917
12088
11888
11778
12060
12037
11989
11950
12051
12094
11888
11939
12115
11901
12064
12109
12063
12025
12131
12027
12104
12135
12048
12136
12103
12032
11848
12013
12013
11700
12103
12101
12003
12090
11675
11935
12053
11707
11792
11992
11918
12094
12068
12033
11905
11925
11883
12125
12062
12085
12037
11822
12004
12131
11900
12131
11989
12070
12101
12137
11849
12100
12048
12022
11996
12017
12065
12031
12052
12035
12097
12125
12118
11820
12000
12111
12097
12015
12059
12096
11974
12094
11879
12132
12106
11664
12056
12123
12114
12137
11770
12042
12082
11991
11975
12103
11930
11990
12063
11840
11756
12026
12136
12123
12116
11942
12133
12018
11754
12115
12127
11905
12131
11967
12090
12010
12038
11886
12103
11801
11884
11939
12126
11883
11985
11995
11942
12071
12112
11945
11965
12066
12097
12114
11730
11781
12029
12134
12114
11869
12125
12020
12056
11890
12100
12085
12025
11867
12127
11897
11720
12101
11934
12038
11725
11940
12134
11941
12008
12019
11770
12022
11983
12136
12097
11857
12002
12128
11908
12006
12073
12120
12084
12061
12100
11920
11935
12095
12103
12006
11955
12038
12072
11958
12123
11968
12118
12109
12106
11796
12111
11880
12124
12007
12127
11766
12008
12027
12052
12123
11901
11960
11930
11978
11955
12049
12067
12124
12107
12028
11757
12100
12091
11998
12063
12131
11724
12120
12009
12063
12006
12035
12029
12136
12110
12061
12049
11993
12057
12066
12022
11797
11894
12129
12060
11988
12131
11881
12102
12137
12078
11977
12132
12100
12130
12105
11639
12119
12135
12120
11851
12118
12035
12137
12136
12078
12033
12107
11986
12115
12017
12011
11872
11976
12043
12101
11886
11989
12004
12055
11998
12107
12080
12075
11870
11986
12071
12130
12124
12037
12135
12137
12047
11881
12084
11914
12066
12135
12077
12082
12135
11953
11961
12091
11992
11907
12136
12129
11995
12127
11943
11996
12064
12009
12043
11801
11821
12030
12057
11699
12102
12120
11712
12100
12133
12062
11979
11858
11990
12104
12107
12064
12129
12105
11674
11911
11886
12112
11999
11982
11912
12137
12102
12024
12065
12129
11978
11930
12127
12008
12122
12101
11737
12133
11898
12087
12122
12132
12069
12026
12086
11950
11770
12048
11989
11961
11785
12082
11989
12132
12102
11792
11683
11996
11669
12091
12138
12009
12076
12078
12096
11754
12114
12102
11876
12100
12090
12069
12088
12134
12029
12079
12013
12069
11891
11610
12118
11828
12137
11841
11903
11842
11835
11991
12031
11945
12057
11615
12130
12027
12113
11967
12132
12005
12083
12137
12126
12129
12103
11887
12002
11765
11852
12038
12027
12078
12091
12136
12006
12037
12042
11978
12119
12127
12114
11693
12038
12059
12019
11856
12002
12048
12076
12116
12101
12108
12098
12052
11960
12089
12100
12134
12132
12111
12129
12103
11956
11990
12133
11656
12114
12092
12003
11930
12098
11711
12132
11707
12091
12004
12107
12003
12000
11939
12044
12124
12101
12116
12056
12113
12101
12105
12109
12111
12109
11665
12088
11701
11752
11995
11999
12114
12076
12096
11725
12126
12056
12085
12096
12129
12038
12033
12102
12122
12036
12132
12078
12104
11963
12008
11726
11883
12085
12019
12095
12123
12115
12097
12052
11972
12112
11921
12135
12127
12052
12048
12115
12004
12116
12019
12122
12118
12133
11807
11987
11886
12079
12100
12047
12101
12087
12040
12103
12018
11669
12039
12004
12084
12017
11979
12123
12078
12041
12035
12090
11962
12125
12100
11809
12070
11855
11999
12022
12097
12101
12016
11849
11999
12036
12102
11787
12094
12032
11897
12028
12068
12122
11796
12081
12137
12045
11846
11592
12107
11656
12063
12125
12126
12105
11911
12100
12129
12039
12097
11899
11877
11980
11839
12127
12042
12076
12123
12133
12109
12096
12068
12031
11898
11905
11882
11637
12100
12048
11936
11962
11863
11968
11705
12088
11889
12126
12103
11711
12110
12012
12006
12113
11951
12099
12131
11970
12054
12069
12099
12055
11901
11917
12037
12039
12063
11928
11961
12118
12101
11909
12124
12049
12053
11627
12070
11964
12118
11971
12040
12058
12099
12050
11823
12101
12110
12135
11904
12132
11883
12091
11935
11941
12095
12090
11815
12037
12137
12016
12082
12066
12074
11884
12021
12125
12107
12129
12006
11991
11852
12112
12009
11905
12122
12108
12122
11848
11610
11973
12090
12069
12058
12049
12127
11888
12122
12047
12052
11960
12042
11892
11990
11706
12127
12076
12094
12137
12128
12114
12114
12106
12107
11834
12075
12109
12086
11970
11954
12122
11793
12005
11640
12131
11980
12094
12107
12109
12037
11994
12105
12134
11974
11889
12130
12120
12124
12130
12043
11965
12125
12094
12103
11814
11597
11996
11939
12065
12134
12089
12090
12078
12129
12121
12060
12110
12116
12082
12127
12131
11973
12131
11928
12008
12038
12097
12090
11942
12100
11850
11763
12064
11849
12015
12127
12039
12067
12125
12009
11743
11764
11867
11931
12082
12107
12136
12036
11899
11889
12130
12095
12127
11940
12102
12096
12128
11812
12078
12043
12133
12055
11953
12032
12000
11908
12008
12071
11974
12019
11636
12135
11982
11889
12091
11920
12094
12111
11994
12013
12009
12103
11996
11999
12125
12076
12079
11907
12098
12086
12037
12069
11931
12024
12127
12065
12113
12121
11897
12133
12026
12126
12118
11948
12093
12071
12129
11955
12102
12116
12119
12005
11763
12125
12024
12091
12114
11974
12133
11838
12066
11792
12100
11960
12096
12136
11604
12106
12078
12035
11959
12123
12008
12039
12115
12103
11867
12101
12053
12031
12040
11964
11712
12096
12131
