ocp
12062
11990
11687
12064
12004
12034
12025
12066
11763
12056
11959
11808
11942
12085
12089
11859
12058
11957
11754
12073
12060
11995
12040
11931
11971
12036
11784
12065
11889
11968
12080
12021
12080
12079
12034
12063
12035
12088
12034
12085
11973
12066
11971
12054
12014
11919
12026
11865
11878
11788
11812
11829
12080
12042
12013
11982
12064
12025
11920
11941
11912
12014
12019
12035
12052
12025
11799
12068
12082
12089
11874
12089
12012
12080
11877
12080
11965
11997
12006
11807
12022
12078
11912
12077
11949
11952
12009
12059
12026
11963
11984
12059
12074
11757
11724
11727
12028
11916
12074
12066
11872
11875
11820
12087
12006
12073
12072
12072
12015
12089
11928
12003
12060
12012
11945
12063
12084
11898
11982
11777
11728
11918
11811
11968
12032
12079
12013
11887
11866
12077
11688
11852
12029
12006
12078
12080
12016
11988
12015
12069
11829
12088
11966
11784
11734
12042
11938
12086
12045
12033
12034
11954
11787
12081
11893
12029
11776
12062
12027
11886
11933
12069
12018
12060
11753
11850
11982
12089
12063
12087
11935
11868
12076
11937
11940
11976
12059
12007
11951
12019
11655
12073
12073
12079
12016
11947
11910
12052
12060
11939
12071
12007
11664
11979
11867
11973
11978
11631
11754
11960
11663
12065
12079
11854
11872
11950
12024
12052
12077
12055
12005
12085
11658
12065
11894
12076
12078
12079
12032
12034
12047
12051
11606
11619
12047
12082
11936
11975
11713
12088
11995
12062
11615
12088
12089
12066
11883
11916
12089
12038
12042
12065
12082
11891
12078
11982
12013
12004
12062
11987
12034
12035
11965
12042
11948
12024
12076
11585
11987
12008
12051
11977
11751
12073
11994
11909
12066
11978
11969
11985
11980
12080
11989
12068
12013
12032
11998
12086
11918
12060
11950
12032
12025
11980
11993
12089
12086
12089
12060
12026
12090
12065
11898
11801
11865
11965
11713
11900
11874
11925
11936
12063
11862
12015
12087
12089
11912
12051
12006
11737
11744
11982
11984
11968
12076
12081
12080
12001
11980
11952
11945
12054
11724
11953
11946
12052
11990
12051
12061
11997
12065
11988
11840
12067
12011
12088
11881
11648
11592
11912
11763
12015
11768
12088
11944
12021
11866
12088
11993
12024
12048
11879
11932
11913
12085
11978
12065
11895
11841
11815
12020
11937
12079
11589
12017
11929
12026
11810
12089
11855
12045
12031
12030
12025
12055
11964
11920
12031
12074
11907
12072
11859
12012
11952
12032
11974
12076
11840
11909
11766
12062
11931
11754
12076
12079
11766
12079
12021
12072
11932
11838
11932
12056
12071
12081
11996
12065
12079
11941
11836
12011
11972
12021
12013
12035
12063
11932
11984
11968
11917
12002
11968
12064
11693
11816
12031
12080
12045
12074
11933
12070
12025
11925
12019
12076
11777
12030
11723
11760
12079
12012
12025
11888
12066
12024
12002
12070
12066
12051
12031
12016
12038
11699
12046
11928
12080
12060
11795
12036
12078
12066
12078
12002
12089
11979
12078
12012
12060
11855
12089
11920
12056
12014
12084
12077
11941
12022
12079
12017
12071
11927
12066
11632
11967
11835
11869
11742
11852
11644
12054
11943
12070
11654
11901
12074
12084
12041
11926
11975
11912
12039
12059
11875
12064
11982
11658
12001
12060
11753
11826
12060
11905
12032
11998
12087
11949
12052
12030
11932
12085
11914
12001
12040
12042
12079
12066
12037
12063
12048
12022
11977
12074
12042
12074
11987
11772
11971
12011
11928
12006
11874
12066
12077
12072
12081
11957
12023
11949
11939
12010
12081
12076
12078
12069
11862
11910
11770
12087
12059
12079
12012
11973
12058
11989
12002
11994
12034
11618
11981
12049
12079
12072
12073
11888
12074
11886
12021
12078
12023
12022
11737
11917
12082
11970
12073
11961
11941
11908
11800
11836
11802
11772
11977
11779
11949
12012
12080
12083
11989
12074
12079
11871
12035
11932
12051
11683
12019
11922
11901
12065
11869
12066
11771
11974
12037
11862
11968
12006
12016
12050
11885
11980
12059
12033
11907
11922
11812
12079
11993
12058
11987
12076
11981
12046
11912
11848
12038
12007
12058
11810
12035
12067
12063
11827
12047
11965
11650
12005
12088
12058
12059
11944
12065
12048
11968
11972
11843
12026
12003
11995
12089
12036
12002
11981
12025
12071
12001
11728
11929
11943
11803
12045
11868
11983
12004
11985
11858
12066
12006
12074
12070
12068
11997
12057
12082
12003
12026
11914
12072
12051
12073
12011
11949
12010
11856
12088
12076
11938
12054
12089
12056
12065
12041
11977
11745
12072
12035
12061
11734
12010
11730
11862
12042
11646
11893
11749
12028
11877
12065
11743
11874
12074
11697
12061
11666
12082
12087
11874
11923
12086
12026
12079
12016
11939
12082
11677
11932
11816
12029
11784
11787
12050
11996
12073
11831
11949
11974
11950
12015
11575
12037
12014
11921
12076
11922
11877
11954
12077
11758
11905
11945
11814
11910
12046
12077
11983
11996
11916
11973
11961
12026
11964
12076
12052
12060
11588
11977
12044
12088
11964
12087
12062
11937
12054
11968
12042
11709
12034
11981
12044
11857
12078
12037
12077
11977
12013
12015
12032
12054
12066
12061
12036
11949
12012
12060
11747
11855
12072
11960
11921
12059
11970
11859
12016
11842
11887
12052
12077
11817
11996
12063
12029
11793
12090
12017
12062
12041
12025
11742
11972
11845
12066
12012
12089
12089
11981
11628
12002
12062
12042
11776
12077
11722
12069
12054
12013
11928
12017
11930
12080
12011
12084
12074
12016
11728
12084
12031
11986
12054
12065
11972
12061
12079
11987
12078
11950
12081
11826
12035
11904
11925
12027
11994
11658
11960
12021
12066
11914
12060
12050
12003
12052
12014
12024
12052
12001
11961
11878
12071
12054
12065
11912
12006
11989
12005
11800
11897
12003
11820
11931
12087
12027
11941
12077
12070
11885
12079
12052
11967
12017
12081
12034
11598
12081
11750
11967
11920
11875
12068
12088
11963
11912
11802
12039
12065
12067
11739
12086
11863
12054
11977
12078
12061
11903
12006
12043
12014
12064
11995
12019
12046
12065
11997
11669
12019
11608
12086
11907
12074
11917
12065
12043
12002
11912
11703
11961
11893
12061
11970
12070
11703
12006
12041
11999
11918
12034
12075
12074
11961
12030
11975
11821
12014
12054
12021
12002
12017
12002
12087
11768
11952
12085
12008
12089
12085
11958
11718
12066
11830
12004
11867
11971
12003
11783
12054
12016
11878
12002
12061
12055
